run,workload_type,timestamp_ns,runtime_ns,voluntary_ctxt_switches,nonvoluntary_ctxt_switches,minor_page_faults,major_page_faults,start_cpu,end_cpu,time_microseconds
0,fork,25578336473379,97828,0,0,0,0,-1,-1,97.83
1,fork,25578336576507,79453,0,0,0,0,-1,-1,79.45
2,fork,25578336657370,97862,0,0,0,0,-1,-1,97.86
3,fork,25578336756785,229051,0,0,0,0,-1,-1,229.05
4,fork,25578336992739,435737,0,0,0,0,-1,-1,435.74
5,fork,25578337432459,106703,0,0,0,0,-1,-1,106.70
6,fork,25578337543450,151197,0,0,0,0,-1,-1,151.20
7,fork,25578337700219,142780,0,0,0,0,-1,-1,142.78
8,fork,25578337846253,143929,0,0,0,0,-1,-1,143.93
9,fork,25578337993616,110345,0,0,0,0,-1,-1,110.34
10,fork,25578338105684,100458,0,0,0,0,-1,-1,100.46
11,fork,25578338208630,116235,0,0,0,0,-1,-1,116.23
12,fork,25578338328851,126914,0,0,0,0,-1,-1,126.91
13,fork,25578338459547,135364,0,0,0,0,-1,-1,135.36
14,fork,25578338598614,104770,0,0,0,0,-1,-1,104.77
15,fork,25578338706749,117370,0,0,0,0,-1,-1,117.37
16,fork,25578338827795,136146,0,0,0,0,-1,-1,136.15
17,fork,25578338966600,91772,0,0,0,0,-1,-1,91.77
18,fork,25578339061015,115793,0,0,0,0,-1,-1,115.79
19,fork,25578339180516,121199,0,0,0,0,-1,-1,121.20
20,fork,25578339304333,119721,0,0,0,0,-1,-1,119.72
21,fork,25578339427589,99930,0,0,0,0,-1,-1,99.93
22,fork,25578339532307,139358,0,0,0,0,-1,-1,139.36
23,fork,25578339676940,126687,0,0,0,0,-1,-1,126.69
24,fork,25578339806613,112324,0,0,0,0,-1,-1,112.32
25,fork,25578339922703,123843,0,0,0,0,-1,-1,123.84
26,fork,25578340049541,102729,0,0,0,0,-1,-1,102.73
27,fork,25578340155296,87582,0,0,0,0,-1,-1,87.58
28,fork,25578340244548,89266,0,0,0,0,-1,-1,89.27
29,fork,25578340337669,115229,0,0,0,0,-1,-1,115.23
30,fork,25578340456914,119369,0,0,0,0,-1,-1,119.37
31,fork,25578340579487,106876,0,0,0,0,-1,-1,106.88
32,fork,25578340688873,126167,0,0,0,0,-1,-1,126.17
33,fork,25578340818760,108071,0,0,0,0,-1,-1,108.07
34,fork,25578340930960,128122,0,0,0,0,-1,-1,128.12
35,fork,25578341062245,106776,0,0,0,0,-1,-1,106.78
36,fork,25578341171485,94350,0,0,0,0,-1,-1,94.35
37,fork,25578341268201,82647,0,0,0,0,-1,-1,82.65
38,fork,25578341353189,84542,0,0,0,0,-1,-1,84.54
39,fork,25578341440062,118586,0,0,0,0,-1,-1,118.59
40,fork,25578341562848,108797,0,0,0,0,-1,-1,108.80
41,fork,25578341674489,87197,0,0,0,0,-1,-1,87.20
42,fork,25578341764033,100077,0,0,0,0,-1,-1,100.08
43,fork,25578341866535,86501,0,0,0,0,-1,-1,86.50
44,fork,25578341956232,96927,0,0,0,0,-1,-1,96.93
45,fork,25578342055581,88655,0,0,0,0,-1,-1,88.66
46,fork,25578342146515,106016,0,0,0,0,-1,-1,106.02
47,fork,25578342255731,85928,0,0,0,0,-1,-1,85.93
48,fork,25578342343343,94756,0,0,0,0,-1,-1,94.76
49,fork,25578342439579,84944,0,0,0,0,-1,-1,84.94
50,fork,25578342525853,88856,0,0,0,0,-1,-1,88.86
51,fork,25578342616044,95581,0,0,0,0,-1,-1,95.58
52,fork,25578342713407,100042,0,0,0,0,-1,-1,100.04
53,fork,25578342817536,131012,0,0,0,0,-1,-1,131.01
54,fork,25578342952385,117000,0,0,0,0,-1,-1,117.00
55,fork,25578343072414,107811,0,0,0,0,-1,-1,107.81
56,fork,25578343183540,95600,0,0,0,0,-1,-1,95.60
57,fork,25578343282339,94857,0,0,0,0,-1,-1,94.86
58,fork,25578343380486,122230,0,0,0,0,-1,-1,122.23
59,fork,25578343507193,120032,0,0,0,0,-1,-1,120.03
60,fork,25578343630695,112781,0,0,0,0,-1,-1,112.78
61,fork,25578343748288,105410,0,0,0,0,-1,-1,105.41
62,fork,25578343866224,94177,0,0,0,0,-1,-1,94.18
63,fork,25578343963353,82545,0,0,0,0,-1,-1,82.55
64,fork,25578344047873,89425,0,0,0,0,-1,-1,89.42
65,fork,25578344139920,84724,0,0,0,0,-1,-1,84.72
66,fork,25578344227834,103744,0,0,0,0,-1,-1,103.74
67,fork,25578344333829,78012,0,0,0,0,-1,-1,78.01
68,fork,25578344414092,86552,0,0,0,0,-1,-1,86.55
69,fork,25578344502409,76959,0,0,0,0,-1,-1,76.96
70,fork,25578344581120,82938,0,0,0,0,-1,-1,82.94
71,fork,25578344666174,84280,0,0,0,0,-1,-1,84.28
72,fork,25578344752229,77688,0,0,0,0,-1,-1,77.69
73,fork,25578344832141,89213,0,0,0,0,-1,-1,89.21
74,fork,25578344923274,75531,0,0,0,0,-1,-1,75.53
75,fork,25578345014354,71794,0,0,0,0,-1,-1,71.79
76,fork,25578345088273,73381,0,0,0,0,-1,-1,73.38
77,fork,25578345163680,64054,0,0,0,0,-1,-1,64.05
78,fork,25578345229523,62894,0,0,0,0,-1,-1,62.89
79,fork,25578345321731,78788,0,0,0,0,-1,-1,78.79
80,fork,25578345401829,66890,0,0,0,0,-1,-1,66.89
81,fork,25578345470017,73144,0,0,0,0,-1,-1,73.14
82,fork,25578345544756,66109,0,0,0,0,-1,-1,66.11
83,fork,25578345612197,61847,0,0,0,0,-1,-1,61.85
84,fork,25578345675381,73759,0,0,0,0,-1,-1,73.76
85,fork,25578345750433,63056,0,0,0,0,-1,-1,63.06
86,fork,25578345814839,63225,0,0,0,0,-1,-1,63.23
87,fork,25578345879366,62971,0,0,0,0,-1,-1,62.97
88,fork,25578345943753,97896,0,0,0,0,-1,-1,97.90
89,fork,25578346043018,78795,0,0,0,0,-1,-1,78.80
90,fork,25578346123416,68634,0,0,0,0,-1,-1,68.63
91,fork,25578346193350,63608,0,0,0,0,-1,-1,63.61
92,fork,25578346258303,62466,0,0,0,0,-1,-1,62.47
93,fork,25578346322065,60402,0,0,0,0,-1,-1,60.40
94,fork,25578346383839,66618,0,0,0,0,-1,-1,66.62
95,fork,25578346451940,61395,0,0,0,0,-1,-1,61.40
96,fork,25578346514758,66751,0,0,0,0,-1,-1,66.75
97,fork,25578346582872,62573,0,0,0,0,-1,-1,62.57
98,fork,25578346646827,70481,0,0,0,0,-1,-1,70.48
99,fork,25578346718616,65796,0,0,0,0,-1,-1,65.80
100,fork,25578346785890,63731,0,0,0,0,-1,-1,63.73
101,fork,25578346850939,64184,0,0,0,0,-1,-1,64.18
102,fork,25578346916397,64673,0,0,0,0,-1,-1,64.67
103,fork,25578346982303,65722,0,0,0,0,-1,-1,65.72
104,fork,25578347049265,63085,0,0,0,0,-1,-1,63.09
105,fork,25578347113818,77667,0,0,0,0,-1,-1,77.67
106,fork,25578347193053,63283,0,0,0,0,-1,-1,63.28
107,fork,25578347257598,66159,0,0,0,0,-1,-1,66.16
108,fork,25578347325250,59629,0,0,0,0,-1,-1,59.63
109,fork,25578347386266,64880,0,0,0,0,-1,-1,64.88
110,fork,25578347452436,78988,0,0,0,0,-1,-1,78.99
111,fork,25578347532716,72164,0,0,0,0,-1,-1,72.16
112,fork,25578347606238,59805,0,0,0,0,-1,-1,59.80
113,fork,25578347667564,65890,0,0,0,0,-1,-1,65.89
114,fork,25578347734838,60382,0,0,0,0,-1,-1,60.38
115,fork,25578347796494,61135,0,0,0,0,-1,-1,61.13
116,fork,25578347858908,66863,0,0,0,0,-1,-1,66.86
117,fork,25578347927181,64082,0,0,0,0,-1,-1,64.08
118,fork,25578347992765,75189,0,0,0,0,-1,-1,75.19
119,fork,25578348069261,64945,0,0,0,0,-1,-1,64.94
120,fork,25578348135546,93851,0,0,0,0,-1,-1,93.85
121,fork,25578348230969,60565,0,0,0,0,-1,-1,60.56
122,fork,25578348292903,66412,0,0,0,0,-1,-1,66.41
123,fork,25578348360584,60998,0,0,0,0,-1,-1,61.00
124,fork,25578348423042,68515,0,0,0,0,-1,-1,68.52
125,fork,25578348492843,69785,0,0,0,0,-1,-1,69.78
126,fork,25578348564224,61387,0,0,0,0,-1,-1,61.39
127,fork,25578348627001,66976,0,0,0,0,-1,-1,66.98
128,fork,25578348695222,65280,0,0,0,0,-1,-1,65.28
129,fork,25578348761791,61046,0,0,0,0,-1,-1,61.05
130,fork,25578348824123,60522,0,0,0,0,-1,-1,60.52
131,fork,25578348886019,63304,0,0,0,0,-1,-1,63.30
132,fork,25578348950851,65880,0,0,0,0,-1,-1,65.88
133,fork,25578349017959,75944,0,0,0,0,-1,-1,75.94
134,fork,25578349095187,66857,0,0,0,0,-1,-1,66.86
135,fork,25578349163563,64542,0,0,0,0,-1,-1,64.54
136,fork,25578349229371,64006,0,0,0,0,-1,-1,64.01
137,fork,25578349294701,65424,0,0,0,0,-1,-1,65.42
138,fork,25578349361559,60798,0,0,0,0,-1,-1,60.80
139,fork,25578349424096,61570,0,0,0,0,-1,-1,61.57
140,fork,25578349487421,66204,0,0,0,0,-1,-1,66.20
141,fork,25578349555322,66371,0,0,0,0,-1,-1,66.37
142,fork,25578349623411,62316,0,0,0,0,-1,-1,62.32
143,fork,25578349687564,66548,0,0,0,0,-1,-1,66.55
144,fork,25578349755927,63561,0,0,0,0,-1,-1,63.56
145,fork,25578349821398,62886,0,0,0,0,-1,-1,62.89
146,fork,25578349886011,64716,0,0,0,0,-1,-1,64.72
147,fork,25578349952651,70734,0,0,0,0,-1,-1,70.73
148,fork,25578350025067,68920,0,0,0,0,-1,-1,68.92
149,fork,25578350095817,68478,0,0,0,0,-1,-1,68.48
150,fork,25578350166085,122577,0,0,0,0,-1,-1,122.58
151,fork,25578350290954,60188,0,0,0,0,-1,-1,60.19
152,fork,25578350352835,66369,0,0,0,0,-1,-1,66.37
153,fork,25578350421120,66798,0,0,0,0,-1,-1,66.80
154,fork,25578350489817,62982,0,0,0,0,-1,-1,62.98
155,fork,25578350554589,67131,0,0,0,0,-1,-1,67.13
156,fork,25578350623734,61918,0,0,0,0,-1,-1,61.92
157,fork,25578350687442,62321,0,0,0,0,-1,-1,62.32
158,fork,25578350751816,67146,0,0,0,0,-1,-1,67.15
159,fork,25578350820683,64710,0,0,0,0,-1,-1,64.71
160,fork,25578350887115,63620,0,0,0,0,-1,-1,63.62
161,fork,25578350952862,67910,0,0,0,0,-1,-1,67.91
162,fork,25578351043568,75983,0,0,0,0,-1,-1,75.98
163,fork,25578351120955,64548,0,0,0,0,-1,-1,64.55
164,fork,25578351187107,65066,0,0,0,0,-1,-1,65.07
165,fork,25578351253437,68137,0,0,0,0,-1,-1,68.14
166,fork,25578351323025,62751,0,0,0,0,-1,-1,62.75
167,fork,25578351387252,68725,0,0,0,0,-1,-1,68.72
168,fork,25578351457339,65506,0,0,0,0,-1,-1,65.51
169,fork,25578351524206,61674,0,0,0,0,-1,-1,61.67
170,fork,25578351587152,63548,0,0,0,0,-1,-1,63.55
171,fork,25578351651965,59310,0,0,0,0,-1,-1,59.31
172,fork,25578351713101,64367,0,0,0,0,-1,-1,64.37
173,fork,25578351779037,64836,0,0,0,0,-1,-1,64.84
174,fork,25578351845160,66069,0,0,0,0,-1,-1,66.07
175,fork,25578351912789,63789,0,0,0,0,-1,-1,63.79
176,fork,25578351978448,70572,0,0,0,0,-1,-1,70.57
177,fork,25578352050931,63556,0,0,0,0,-1,-1,63.56
178,fork,25578352115856,63138,0,0,0,0,-1,-1,63.14
179,fork,25578352180963,69232,0,0,0,0,-1,-1,69.23
180,fork,25578352251781,67189,0,0,0,0,-1,-1,67.19
181,fork,25578352320473,64867,0,0,0,0,-1,-1,64.87
182,fork,25578352386596,67443,0,0,0,0,-1,-1,67.44
183,fork,25578352455661,64010,0,0,0,0,-1,-1,64.01
184,fork,25578352521220,62332,0,0,0,0,-1,-1,62.33
185,fork,25578352584834,68600,0,0,0,0,-1,-1,68.60
186,fork,25578352655156,67742,0,0,0,0,-1,-1,67.74
187,fork,25578352724589,67438,0,0,0,0,-1,-1,67.44
188,fork,25578352793375,67967,0,0,0,0,-1,-1,67.97
189,fork,25578352862687,63799,0,0,0,0,-1,-1,63.80
190,fork,25578352927988,62648,0,0,0,0,-1,-1,62.65
191,fork,25578352992122,75589,0,0,0,0,-1,-1,75.59
192,fork,25578353068963,67409,0,0,0,0,-1,-1,67.41
193,fork,25578353137742,63598,0,0,0,0,-1,-1,63.60
194,fork,25578353202624,70173,0,0,0,0,-1,-1,70.17
195,fork,25578353274089,64612,0,0,0,0,-1,-1,64.61
196,fork,25578353340576,63509,0,0,0,0,-1,-1,63.51
197,fork,25578353405367,67261,0,0,0,0,-1,-1,67.26
198,fork,25578353474168,64047,0,0,0,0,-1,-1,64.05
199,fork,25578353539801,68228,0,0,0,0,-1,-1,68.23
200,fork,25578353609510,67785,0,0,0,0,-1,-1,67.78
201,fork,25578353678670,61732,0,0,0,0,-1,-1,61.73
202,fork,25578353741791,62852,0,0,0,0,-1,-1,62.85
203,fork,25578353806106,68604,0,0,0,0,-1,-1,68.60
204,fork,25578353876200,64344,0,0,0,0,-1,-1,64.34
205,fork,25578353941913,73480,0,0,0,0,-1,-1,73.48
206,fork,25578354016649,92680,0,0,0,0,-1,-1,92.68
207,fork,25578354111457,74942,0,0,0,0,-1,-1,74.94
208,fork,25578354191156,112693,0,0,0,0,-1,-1,112.69
209,fork,25578354306504,81352,0,0,0,0,-1,-1,81.35
210,fork,25578354390123,81311,0,0,0,0,-1,-1,81.31
211,fork,25578354473630,79044,0,0,0,0,-1,-1,79.04
212,fork,25578354554979,79438,0,0,0,0,-1,-1,79.44
213,fork,25578354636492,90363,0,0,0,0,-1,-1,90.36
214,fork,25578354728861,70535,0,0,0,0,-1,-1,70.53
215,fork,25578354801397,68739,0,0,0,0,-1,-1,68.74
216,fork,25578354872107,67863,0,0,0,0,-1,-1,67.86
217,fork,25578354941981,71994,0,0,0,0,-1,-1,71.99
218,fork,25578355016091,78981,0,0,0,0,-1,-1,78.98
219,fork,25578355097066,74116,0,0,0,0,-1,-1,74.12
220,fork,25578355173945,70537,0,0,0,0,-1,-1,70.54
221,fork,25578355247358,71242,0,0,0,0,-1,-1,71.24
222,fork,25578355321100,71114,0,0,0,0,-1,-1,71.11
223,fork,25578355394777,71337,0,0,0,0,-1,-1,71.34
224,fork,25578355469032,69742,0,0,0,0,-1,-1,69.74
225,fork,25578355541623,77460,0,0,0,0,-1,-1,77.46
226,fork,25578355621622,77708,0,0,0,0,-1,-1,77.71
227,fork,25578355702229,80429,0,0,0,0,-1,-1,80.43
228,fork,25578355785378,69306,0,0,0,0,-1,-1,69.31
229,fork,25578355857209,75529,0,0,0,0,-1,-1,75.53
230,fork,25578355935738,131233,0,0,0,0,-1,-1,131.23
231,fork,25578356071128,96355,0,0,0,0,-1,-1,96.36
232,fork,25578356170833,89091,0,0,0,0,-1,-1,89.09
233,fork,25578356263352,87196,0,0,0,0,-1,-1,87.20
234,fork,25578356354178,84265,0,0,0,0,-1,-1,84.27
235,fork,25578356441533,81370,0,0,0,0,-1,-1,81.37
236,fork,25578356526219,78474,0,0,0,0,-1,-1,78.47
237,fork,25578356607697,78539,0,0,0,0,-1,-1,78.54
238,fork,25578356690066,83663,0,0,0,0,-1,-1,83.66
239,fork,25578356776488,82817,0,0,0,0,-1,-1,82.82
240,fork,25578356862177,75865,0,0,0,0,-1,-1,75.86
241,fork,25578356940656,84331,0,0,0,0,-1,-1,84.33
242,fork,25578357028051,85964,0,0,0,0,-1,-1,85.96
243,fork,25578357149131,85135,0,0,0,0,-1,-1,85.14
244,fork,25578357237192,76155,0,0,0,0,-1,-1,76.16
245,fork,25578357315868,70480,0,0,0,0,-1,-1,70.48
246,fork,25578357388364,77641,0,0,0,0,-1,-1,77.64
247,fork,25578357468149,67839,0,0,0,0,-1,-1,67.84
248,fork,25578357537965,72203,0,0,0,0,-1,-1,72.20
249,fork,25578357612566,71649,0,0,0,0,-1,-1,71.65
250,fork,25578357686603,66645,0,0,0,0,-1,-1,66.64
251,fork,25578357755289,75187,0,0,0,0,-1,-1,75.19
252,fork,25578357832406,66162,0,0,0,0,-1,-1,66.16
253,fork,25578357900602,82735,0,0,0,0,-1,-1,82.73
254,fork,25578357985287,76389,0,0,0,0,-1,-1,76.39
255,fork,25578358063734,72092,0,0,0,0,-1,-1,72.09
256,fork,25578358137786,78244,0,0,0,0,-1,-1,78.24
257,fork,25578358218009,70411,0,0,0,0,-1,-1,70.41
258,fork,25578358290684,65117,0,0,0,0,-1,-1,65.12
259,fork,25578358357794,68030,0,0,0,0,-1,-1,68.03
260,fork,25578358427950,74125,0,0,0,0,-1,-1,74.12
261,fork,25578358504152,72172,0,0,0,0,-1,-1,72.17
262,fork,25578358578500,75385,0,0,0,0,-1,-1,75.39
263,fork,25578358656048,81963,0,0,0,0,-1,-1,81.96
264,fork,25578358740693,82063,0,0,0,0,-1,-1,82.06
265,fork,25578358825082,82916,0,0,0,0,-1,-1,82.92
266,fork,25578358910714,89093,0,0,0,0,-1,-1,89.09
267,fork,25578359005345,114035,0,0,0,0,-1,-1,114.03
268,fork,25578359123603,74988,0,0,0,0,-1,-1,74.99
269,fork,25578359200173,75417,0,0,0,0,-1,-1,75.42
270,fork,25578359276877,74400,0,0,0,0,-1,-1,74.40
271,fork,25578359353137,75741,0,0,0,0,-1,-1,75.74
272,fork,25578359430564,72103,0,0,0,0,-1,-1,72.10
273,fork,25578359504254,74930,0,0,0,0,-1,-1,74.93
274,fork,25578359580783,78845,0,0,0,0,-1,-1,78.84
275,fork,25578359661322,65765,0,0,0,0,-1,-1,65.77
276,fork,25578359728537,66275,0,0,0,0,-1,-1,66.28
277,fork,25578359796086,69211,0,0,0,0,-1,-1,69.21
278,fork,25578359866842,62375,0,0,0,0,-1,-1,62.38
279,fork,25578359930674,64970,0,0,0,0,-1,-1,64.97
280,fork,25578359996949,75106,0,0,0,0,-1,-1,75.11
281,fork,25578360073546,63048,0,0,0,0,-1,-1,63.05
282,fork,25578360137967,63034,0,0,0,0,-1,-1,63.03
283,fork,25578360202278,65970,0,0,0,0,-1,-1,65.97
284,fork,25578360269662,62119,0,0,0,0,-1,-1,62.12
285,fork,25578360333109,60703,0,0,0,0,-1,-1,60.70
286,fork,25578360395137,68151,0,0,0,0,-1,-1,68.15
287,fork,25578360464605,63529,0,0,0,0,-1,-1,63.53
288,fork,25578360529447,62470,0,0,0,0,-1,-1,62.47
289,fork,25578360593282,64346,0,0,0,0,-1,-1,64.35
290,fork,25578360659036,63421,0,0,0,0,-1,-1,63.42
291,fork,25578360723915,64807,0,0,0,0,-1,-1,64.81
292,fork,25578360790584,80083,0,0,0,0,-1,-1,80.08
293,fork,25578360872080,115714,0,0,0,0,-1,-1,115.71
294,fork,25578360990158,99673,0,0,0,0,-1,-1,99.67
295,fork,25578361091789,80382,0,0,0,0,-1,-1,80.38
296,fork,25578361173498,74362,0,0,0,0,-1,-1,74.36
297,fork,25578361249134,62629,0,0,0,0,-1,-1,62.63
298,fork,25578361313072,88794,0,0,0,0,-1,-1,88.79
299,fork,25578361403819,71244,0,0,0,0,-1,-1,71.24
300,fork,25578361476544,74783,0,0,0,0,-1,-1,74.78
301,fork,25578361552600,111210,0,0,0,0,-1,-1,111.21
302,fork,25578361666064,103826,0,0,0,0,-1,-1,103.83
303,fork,25578361771856,69670,0,0,0,0,-1,-1,69.67
304,fork,25578361844050,75818,0,0,0,0,-1,-1,75.82
305,fork,25578361921857,61217,0,0,0,0,-1,-1,61.22
306,fork,25578361984823,78986,0,0,0,0,-1,-1,78.99
307,fork,25578362065682,88199,0,0,0,0,-1,-1,88.20
308,fork,25578362155613,67100,0,0,0,0,-1,-1,67.10
309,fork,25578362224679,69480,0,0,0,0,-1,-1,69.48
310,fork,25578362295879,65746,0,0,0,0,-1,-1,65.75
311,fork,25578362363342,59771,0,0,0,0,-1,-1,59.77
312,fork,25578362424844,58891,0,0,0,0,-1,-1,58.89
313,fork,25578362485576,62870,0,0,0,0,-1,-1,62.87
314,fork,25578362550161,58920,0,0,0,0,-1,-1,58.92
315,fork,25578362610915,64665,0,0,0,0,-1,-1,64.67
316,fork,25578362677484,64519,0,0,0,0,-1,-1,64.52
317,fork,25578362743826,62314,0,0,0,0,-1,-1,62.31
318,fork,25578362807883,62388,0,0,0,0,-1,-1,62.39
319,fork,25578362871977,63684,0,0,0,0,-1,-1,63.68
320,fork,25578362937470,59780,0,0,0,0,-1,-1,59.78
321,fork,25578362999095,150932,0,0,0,0,-1,-1,150.93
322,fork,25578363154615,97253,0,0,0,0,-1,-1,97.25
323,fork,25578363254786,75138,0,0,0,0,-1,-1,75.14
324,fork,25578363332599,81495,0,0,0,0,-1,-1,81.50
325,fork,25578363440040,82452,0,0,0,0,-1,-1,82.45
326,fork,25578363524520,75508,0,0,0,0,-1,-1,75.51
327,fork,25578363602068,93600,0,0,0,0,-1,-1,93.60
328,fork,25578363697711,76011,0,0,0,0,-1,-1,76.01
329,fork,25578363775786,74701,0,0,0,0,-1,-1,74.70
330,fork,25578363852531,79035,0,0,0,0,-1,-1,79.03
331,fork,25578363933583,108136,0,0,0,0,-1,-1,108.14
332,fork,25578364044047,82356,0,0,0,0,-1,-1,82.36
333,fork,25578364128470,78281,0,0,0,0,-1,-1,78.28
334,fork,25578364208776,75929,0,0,0,0,-1,-1,75.93
335,fork,25578364286728,93443,0,0,0,0,-1,-1,93.44
336,fork,25578364382142,74766,0,0,0,0,-1,-1,74.77
337,fork,25578364458933,73236,0,0,0,0,-1,-1,73.24
338,fork,25578364534207,78089,0,0,0,0,-1,-1,78.09
339,fork,25578364614311,75864,0,0,0,0,-1,-1,75.86
340,fork,25578364692193,72818,0,0,0,0,-1,-1,72.82
341,fork,25578364767036,77800,0,0,0,0,-1,-1,77.80
342,fork,25578364846869,71696,0,0,0,0,-1,-1,71.70
343,fork,25578364920545,72944,0,0,0,0,-1,-1,72.94
344,fork,25578364995464,85815,0,0,0,0,-1,-1,85.81
345,fork,25578365083343,76480,0,0,0,0,-1,-1,76.48
346,fork,25578365162108,74945,0,0,0,0,-1,-1,74.94
347,fork,25578365239033,82597,0,0,0,0,-1,-1,82.60
348,fork,25578365323621,72766,0,0,0,0,-1,-1,72.77
349,fork,25578365398401,105221,0,0,0,0,-1,-1,105.22
350,fork,25578365505750,75426,0,0,0,0,-1,-1,75.43
351,fork,25578365583203,73056,0,0,0,0,-1,-1,73.06
352,fork,25578365658296,72423,0,0,0,0,-1,-1,72.42
353,fork,25578365732738,76213,0,0,0,0,-1,-1,76.21
354,fork,25578365810973,76583,0,0,0,0,-1,-1,76.58
355,fork,25578365889572,77528,0,0,0,0,-1,-1,77.53
356,fork,25578365969104,84712,0,0,0,0,-1,-1,84.71
357,fork,25578366055952,74712,0,0,0,0,-1,-1,74.71
358,fork,25578366132694,72681,0,0,0,0,-1,-1,72.68
359,fork,25578366207515,76080,0,0,0,0,-1,-1,76.08
360,fork,25578366285626,77411,0,0,0,0,-1,-1,77.41
361,fork,25578366365039,70964,0,0,0,0,-1,-1,70.96
362,fork,25578366438003,74282,0,0,0,0,-1,-1,74.28
363,fork,25578366514259,74928,0,0,0,0,-1,-1,74.93
364,fork,25578366591199,72668,0,0,0,0,-1,-1,72.67
365,fork,25578366665947,79854,0,0,0,0,-1,-1,79.85
366,fork,25578366747815,76760,0,0,0,0,-1,-1,76.76
367,fork,25578366826600,73440,0,0,0,0,-1,-1,73.44
368,fork,25578366902039,75893,0,0,0,0,-1,-1,75.89
369,fork,25578366979993,78374,0,0,0,0,-1,-1,78.37
370,fork,25578367060506,91383,0,0,0,0,-1,-1,91.38
371,fork,25578367153918,91888,0,0,0,0,-1,-1,91.89
372,fork,25578367247811,78086,0,0,0,0,-1,-1,78.09
373,fork,25578367327888,73601,0,0,0,0,-1,-1,73.60
374,fork,25578367403506,75488,0,0,0,0,-1,-1,75.49
375,fork,25578367481000,71444,0,0,0,0,-1,-1,71.44
376,fork,25578367554463,72158,0,0,0,0,-1,-1,72.16
377,fork,25578367628614,76262,0,0,0,0,-1,-1,76.26
378,fork,25578367706876,76032,0,0,0,0,-1,-1,76.03
379,fork,25578367784898,134459,0,0,0,0,-1,-1,134.46
380,fork,25578367921458,77379,0,0,0,0,-1,-1,77.38
381,fork,25578368006399,100936,0,0,0,0,-1,-1,100.94
382,fork,25578368109503,81794,0,0,0,0,-1,-1,81.79
383,fork,25578368193334,79877,0,0,0,0,-1,-1,79.88
384,fork,25578368275950,79086,0,0,0,0,-1,-1,79.09
385,fork,25578368357643,75810,0,0,0,0,-1,-1,75.81
386,fork,25578368436027,75326,0,0,0,0,-1,-1,75.33
387,fork,25578368513926,74199,0,0,0,0,-1,-1,74.20
388,fork,25578368590702,72656,0,0,0,0,-1,-1,72.66
389,fork,25578368665922,79808,0,0,0,0,-1,-1,79.81
390,fork,25578368748372,75232,0,0,0,0,-1,-1,75.23
391,fork,25578368826163,78402,0,0,0,0,-1,-1,78.40
392,fork,25578368907337,77989,0,0,0,0,-1,-1,77.99
393,fork,25578368988039,243163,0,0,0,0,-1,-1,243.16
394,fork,25578369235293,100630,0,0,0,0,-1,-1,100.63
395,fork,25578369339341,80424,0,0,0,0,-1,-1,80.42
396,fork,25578369422872,76917,0,0,0,0,-1,-1,76.92
397,fork,25578369502927,77131,0,0,0,0,-1,-1,77.13
398,fork,25578369582820,75534,0,0,0,0,-1,-1,75.53
399,fork,25578369661038,74288,0,0,0,0,-1,-1,74.29
400,fork,25578369738101,77414,0,0,0,0,-1,-1,77.41
401,fork,25578369818136,72586,0,0,0,0,-1,-1,72.59
402,fork,25578369893355,73307,0,0,0,0,-1,-1,73.31
403,fork,25578369969470,93590,0,0,0,0,-1,-1,93.59
404,fork,25578370066186,74467,0,0,0,0,-1,-1,74.47
405,fork,25578370143360,74555,0,0,0,0,-1,-1,74.56
406,fork,25578370220525,73261,0,0,0,0,-1,-1,73.26
407,fork,25578370324731,93565,0,0,0,0,-1,-1,93.56
408,fork,25578370420404,77251,0,0,0,0,-1,-1,77.25
409,fork,25578370500014,81275,0,0,0,0,-1,-1,81.28
410,fork,25578370583434,79333,0,0,0,0,-1,-1,79.33
411,fork,25578370664712,89869,0,0,0,0,-1,-1,89.87
412,fork,25578370756652,74836,0,0,0,0,-1,-1,74.84
413,fork,25578370833520,75796,0,0,0,0,-1,-1,75.80
414,fork,25578370911468,76140,0,0,0,0,-1,-1,76.14
415,fork,25578370989844,100068,0,0,0,0,-1,-1,100.07
416,fork,25578371092033,65346,0,0,0,0,-1,-1,65.35
417,fork,25578371158662,63564,0,0,0,0,-1,-1,63.56
418,fork,25578371223518,62708,0,0,0,0,-1,-1,62.71
419,fork,25578371287529,67898,0,0,0,0,-1,-1,67.90
420,fork,25578371356786,62892,0,0,0,0,-1,-1,62.89
421,fork,25578371420975,61112,0,0,0,0,-1,-1,61.11
422,fork,25578371483514,63936,0,0,0,0,-1,-1,63.94
423,fork,25578371548693,61516,0,0,0,0,-1,-1,61.52
424,fork,25578371611727,60500,0,0,0,0,-1,-1,60.50
425,fork,25578371673585,60305,0,0,0,0,-1,-1,60.30
426,fork,25578371735278,60867,0,0,0,0,-1,-1,60.87
427,fork,25578371797538,60907,0,0,0,0,-1,-1,60.91
428,fork,25578371859721,60682,0,0,0,0,-1,-1,60.68
429,fork,25578371921656,65808,0,0,0,0,-1,-1,65.81
430,fork,25578371988876,77886,0,0,0,0,-1,-1,77.89
431,fork,25578372068065,63183,0,0,0,0,-1,-1,63.18
432,fork,25578372132530,62021,0,0,0,0,-1,-1,62.02
433,fork,25578372195859,59794,0,0,0,0,-1,-1,59.79
434,fork,25578372256988,60068,0,0,0,0,-1,-1,60.07
435,fork,25578372318375,65549,0,0,0,0,-1,-1,65.55
436,fork,25578372385429,62090,0,0,0,0,-1,-1,62.09
437,fork,25578372448808,59013,0,0,0,0,-1,-1,59.01
438,fork,25578372509119,60038,0,0,0,0,-1,-1,60.04
439,fork,25578372570413,60927,0,0,0,0,-1,-1,60.93
440,fork,25578372632622,62935,0,0,0,0,-1,-1,62.94
441,fork,25578372696863,66651,0,0,0,0,-1,-1,66.65
442,fork,25578372765260,60767,0,0,0,0,-1,-1,60.77
443,fork,25578372827316,60416,0,0,0,0,-1,-1,60.42
444,fork,25578372889142,62910,0,0,0,0,-1,-1,62.91
445,fork,25578372953326,66511,0,0,0,0,-1,-1,66.51
446,fork,25578373021142,60379,0,0,0,0,-1,-1,60.38
447,fork,25578373082804,84339,0,0,0,0,-1,-1,84.34
448,fork,25578373168820,73675,0,0,0,0,-1,-1,73.67
449,fork,25578373243835,62392,0,0,0,0,-1,-1,62.39
450,fork,25578373307635,59980,0,0,0,0,-1,-1,59.98
451,fork,25578373369089,66105,0,0,0,0,-1,-1,66.11
452,fork,25578373436496,61866,0,0,0,0,-1,-1,61.87
453,fork,25578373499803,63418,0,0,0,0,-1,-1,63.42
454,fork,25578373564512,59409,0,0,0,0,-1,-1,59.41
455,fork,25578373625187,60801,0,0,0,0,-1,-1,60.80
456,fork,25578373687382,67892,0,0,0,0,-1,-1,67.89
457,fork,25578373756931,63153,0,0,0,0,-1,-1,63.15
458,fork,25578373821363,63146,0,0,0,0,-1,-1,63.15
459,fork,25578373885950,69966,0,0,0,0,-1,-1,69.97
460,fork,25578373957416,72884,0,0,0,0,-1,-1,72.88
461,fork,25578374031562,65740,0,0,0,0,-1,-1,65.74
462,fork,25578374098722,64912,0,0,0,0,-1,-1,64.91
463,fork,25578374165043,63752,0,0,0,0,-1,-1,63.75
464,fork,25578374230166,76144,0,0,0,0,-1,-1,76.14
465,fork,25578374307607,61898,0,0,0,0,-1,-1,61.90
466,fork,25578374371292,63660,0,0,0,0,-1,-1,63.66
467,fork,25578374436801,64078,0,0,0,0,-1,-1,64.08
468,fork,25578374502657,62384,0,0,0,0,-1,-1,62.38
469,fork,25578374566863,63426,0,0,0,0,-1,-1,63.43
470,fork,25578374631964,61923,0,0,0,0,-1,-1,61.92
471,fork,25578374695703,75400,0,0,0,0,-1,-1,75.40
472,fork,25578374773096,63522,0,0,0,0,-1,-1,63.52
473,fork,25578374838504,67173,0,0,0,0,-1,-1,67.17
474,fork,25578374907556,61897,0,0,0,0,-1,-1,61.90
475,fork,25578374971282,64698,0,0,0,0,-1,-1,64.70
476,fork,25578375037662,63678,0,0,0,0,-1,-1,63.68
477,fork,25578375103239,59285,0,0,0,0,-1,-1,59.28
478,fork,25578375164222,64481,0,0,0,0,-1,-1,64.48
479,fork,25578375230416,66148,0,0,0,0,-1,-1,66.15
480,fork,25578375298303,62602,0,0,0,0,-1,-1,62.60
481,fork,25578375362611,76024,0,0,0,0,-1,-1,76.02
482,fork,25578375440652,64845,0,0,0,0,-1,-1,64.84
483,fork,25578375507415,66416,0,0,0,0,-1,-1,66.42
484,fork,25578375575632,66962,0,0,0,0,-1,-1,66.96
485,fork,25578375644649,68931,0,0,0,0,-1,-1,68.93
486,fork,25578375715357,87022,0,0,0,0,-1,-1,87.02
487,fork,25578375804321,66649,0,0,0,0,-1,-1,66.65
488,fork,25578375872662,63200,0,0,0,0,-1,-1,63.20
489,fork,25578375954295,67057,0,0,0,0,-1,-1,67.06
490,fork,25578376022630,75619,0,0,0,0,-1,-1,75.62
491,fork,25578376099780,61987,0,0,0,0,-1,-1,61.99
492,fork,25578376163280,78152,0,0,0,0,-1,-1,78.15
493,fork,25578376242912,64314,0,0,0,0,-1,-1,64.31
494,fork,25578376308634,61547,0,0,0,0,-1,-1,61.55
495,fork,25578376371456,60957,0,0,0,0,-1,-1,60.96
496,fork,25578376433675,63651,0,0,0,0,-1,-1,63.65
497,fork,25578376498813,63389,0,0,0,0,-1,-1,63.39
498,fork,25578376563469,63769,0,0,0,0,-1,-1,63.77
499,fork,25578376628632,64071,0,0,0,0,-1,-1,64.07
500,fork,25578376693995,61899,0,0,0,0,-1,-1,61.90
501,fork,25578376757409,64304,0,0,0,0,-1,-1,64.30
502,fork,25578376822999,64253,0,0,0,0,-1,-1,64.25
503,fork,25578376888614,62772,0,0,0,0,-1,-1,62.77
504,fork,25578376952753,79810,0,0,0,0,-1,-1,79.81
505,fork,25578377033898,75469,0,0,0,0,-1,-1,75.47
506,fork,25578377110587,75769,0,0,0,0,-1,-1,75.77
507,fork,25578377187681,64618,0,0,0,0,-1,-1,64.62
508,fork,25578377253735,65349,0,0,0,0,-1,-1,65.35
509,fork,25578377320465,62081,0,0,0,0,-1,-1,62.08
510,fork,25578377383900,61757,0,0,0,0,-1,-1,61.76
511,fork,25578377447032,67032,0,0,0,0,-1,-1,67.03
512,fork,25578377515361,62814,0,0,0,0,-1,-1,62.81
513,fork,25578377579595,61070,0,0,0,0,-1,-1,61.07
514,fork,25578377642066,63719,0,0,0,0,-1,-1,63.72
515,fork,25578377707082,62761,0,0,0,0,-1,-1,62.76
516,fork,25578377771557,120940,0,0,0,0,-1,-1,120.94
517,fork,25578377894007,67344,0,0,0,0,-1,-1,67.34
518,fork,25578377962889,785747,0,0,0,0,-1,-1,785.75
519,fork,25578378750838,67104,0,0,0,0,-1,-1,67.10
520,fork,25578378819223,65892,0,0,0,0,-1,-1,65.89
521,fork,25578378886357,63462,0,0,0,0,-1,-1,63.46
522,fork,25578378951185,66693,0,0,0,0,-1,-1,66.69
523,fork,25578379019420,77893,0,0,0,0,-1,-1,77.89
524,fork,25578379098743,57755,0,0,0,0,-1,-1,57.76
525,fork,25578379160491,112665,0,0,0,0,-1,-1,112.67
526,fork,25578379275638,82876,0,0,0,0,-1,-1,82.88
527,fork,25578379360546,81883,0,0,0,0,-1,-1,81.88
528,fork,25578379444451,74806,0,0,0,0,-1,-1,74.81
529,fork,25578379521346,75629,0,0,0,0,-1,-1,75.63
530,fork,25578379598991,74521,0,0,0,0,-1,-1,74.52
531,fork,25578379675567,78330,0,0,0,0,-1,-1,78.33
532,fork,25578379755920,76232,0,0,0,0,-1,-1,76.23
533,fork,25578379834189,74209,0,0,0,0,-1,-1,74.21
534,fork,25578379910472,71752,0,0,0,0,-1,-1,71.75
535,fork,25578379984249,83555,0,0,0,0,-1,-1,83.56
536,fork,25578380070029,84427,0,0,0,0,-1,-1,84.43
537,fork,25578380156424,84034,0,0,0,0,-1,-1,84.03
538,fork,25578380242484,80490,0,0,0,0,-1,-1,80.49
539,fork,25578380325058,76998,0,0,0,0,-1,-1,77.00
540,fork,25578380404123,74858,0,0,0,0,-1,-1,74.86
541,fork,25578380481012,76018,0,0,0,0,-1,-1,76.02
542,fork,25578380559026,73801,0,0,0,0,-1,-1,73.80
543,fork,25578380634874,81456,0,0,0,0,-1,-1,81.46
544,fork,25578380718423,74826,0,0,0,0,-1,-1,74.83
545,fork,25578380795265,74009,0,0,0,0,-1,-1,74.01
546,fork,25578380871323,93320,0,0,0,0,-1,-1,93.32
547,fork,25578380967247,80857,0,0,0,0,-1,-1,80.86
548,fork,25578381050891,75767,0,0,0,0,-1,-1,75.77
549,fork,25578381129277,77758,0,0,0,0,-1,-1,77.76
550,fork,25578381209630,74299,0,0,0,0,-1,-1,74.30
551,fork,25578381286535,77201,0,0,0,0,-1,-1,77.20
552,fork,25578381366329,74156,0,0,0,0,-1,-1,74.16
553,fork,25578381443212,75128,0,0,0,0,-1,-1,75.13
554,fork,25578381520950,77125,0,0,0,0,-1,-1,77.12
555,fork,25578381600706,78038,0,0,0,0,-1,-1,78.04
556,fork,25578381681456,75719,0,0,0,0,-1,-1,75.72
557,fork,25578381759710,75221,0,0,0,0,-1,-1,75.22
558,fork,25578381837584,73756,0,0,0,0,-1,-1,73.76
559,fork,25578381913976,74531,0,0,0,0,-1,-1,74.53
560,fork,25578381991130,77088,0,0,0,0,-1,-1,77.09
561,fork,25578382070858,120478,0,0,0,0,-1,-1,120.48
562,fork,25578382194141,79016,0,0,0,0,-1,-1,79.02
563,fork,25578382275755,73880,0,0,0,0,-1,-1,73.88
564,fork,25578382352170,73116,0,0,0,0,-1,-1,73.12
565,fork,25578382427948,77231,0,0,0,0,-1,-1,77.23
566,fork,25578382507770,72368,0,0,0,0,-1,-1,72.37
567,fork,25578382582714,76038,0,0,0,0,-1,-1,76.04
568,fork,25578382661285,73167,0,0,0,0,-1,-1,73.17
569,fork,25578382737038,72303,0,0,0,0,-1,-1,72.30
570,fork,25578382831070,89440,0,0,0,0,-1,-1,89.44
571,fork,25578382922922,142438,0,0,0,0,-1,-1,142.44
572,fork,25578383068119,88981,0,0,0,0,-1,-1,88.98
573,fork,25578383159189,75657,0,0,0,0,-1,-1,75.66
574,fork,25578383236851,74494,0,0,0,0,-1,-1,74.49
575,fork,25578383313358,75084,0,0,0,0,-1,-1,75.08
576,fork,25578383390594,73393,0,0,0,0,-1,-1,73.39
577,fork,25578383465961,74460,0,0,0,0,-1,-1,74.46
578,fork,25578383542466,79927,0,0,0,0,-1,-1,79.93
579,fork,25578383624396,73176,0,0,0,0,-1,-1,73.18
580,fork,25578383699563,73869,0,0,0,0,-1,-1,73.87
581,fork,25578383775467,74278,0,0,0,0,-1,-1,74.28
582,fork,25578383851750,74869,0,0,0,0,-1,-1,74.87
583,fork,25578383928665,84308,0,0,0,0,-1,-1,84.31
584,fork,25578384015274,88388,0,0,0,0,-1,-1,88.39
585,fork,25578384105850,77103,0,0,0,0,-1,-1,77.10
586,fork,25578384185210,79826,0,0,0,0,-1,-1,79.83
587,fork,25578384267260,76103,0,0,0,0,-1,-1,76.10
588,fork,25578384345671,74024,0,0,0,0,-1,-1,74.02
589,fork,25578384421948,78727,0,0,0,0,-1,-1,78.73
590,fork,25578384503021,80669,0,0,0,0,-1,-1,80.67
591,fork,25578384585882,76541,0,0,0,0,-1,-1,76.54
592,fork,25578384664643,75605,0,0,0,0,-1,-1,75.61
593,fork,25578384742438,77815,0,0,0,0,-1,-1,77.81
594,fork,25578384822376,74076,0,0,0,0,-1,-1,74.08
595,fork,25578384898576,78762,0,0,0,0,-1,-1,78.76
596,fork,25578384979487,92162,0,0,0,0,-1,-1,92.16
597,fork,25578385073985,75510,0,0,0,0,-1,-1,75.51
598,fork,25578385151789,104546,0,0,0,0,-1,-1,104.55
599,fork,25578385258541,74780,0,0,0,0,-1,-1,74.78
600,fork,25578385335333,74604,0,0,0,0,-1,-1,74.60
601,fork,25578385412125,75008,0,0,0,0,-1,-1,75.01
602,fork,25578385489194,79739,0,0,0,0,-1,-1,79.74
603,fork,25578385571251,72272,0,0,0,0,-1,-1,72.27
604,fork,25578385645631,74976,0,0,0,0,-1,-1,74.98
605,fork,25578385722733,75120,0,0,0,0,-1,-1,75.12
606,fork,25578385799933,75346,0,0,0,0,-1,-1,75.35
607,fork,25578385877306,73680,0,0,0,0,-1,-1,73.68
608,fork,25578385953018,93692,0,0,0,0,-1,-1,93.69
609,fork,25578386049008,80913,0,0,0,0,-1,-1,80.91
610,fork,25578386132195,74823,0,0,0,0,-1,-1,74.82
611,fork,25578386209016,77233,0,0,0,0,-1,-1,77.23
612,fork,25578386288292,85215,0,0,0,0,-1,-1,85.22
613,fork,25578386375816,73850,0,0,0,0,-1,-1,73.85
614,fork,25578386451705,78891,0,0,0,0,-1,-1,78.89
615,fork,25578386532761,73124,0,0,0,0,-1,-1,73.12
616,fork,25578386607912,76794,0,0,0,0,-1,-1,76.79
617,fork,25578386686715,89994,0,0,0,0,-1,-1,89.99
618,fork,25578386779071,78282,0,0,0,0,-1,-1,78.28
619,fork,25578386859347,73768,0,0,0,0,-1,-1,73.77
620,fork,25578386935258,97743,0,0,0,0,-1,-1,97.74
621,fork,25578387035212,83385,0,0,0,0,-1,-1,83.39
622,fork,25578387120654,73801,0,0,0,0,-1,-1,73.80
623,fork,25578387196487,74565,0,0,0,0,-1,-1,74.56
624,fork,25578387273449,76390,0,0,0,0,-1,-1,76.39
625,fork,25578387351853,74717,0,0,0,0,-1,-1,74.72
626,fork,25578387428904,79037,0,0,0,0,-1,-1,79.04
627,fork,25578387510091,106429,0,0,0,0,-1,-1,106.43
628,fork,25578387618797,72177,0,0,0,0,-1,-1,72.18
629,fork,25578387693643,79749,0,0,0,0,-1,-1,79.75
630,fork,25578387776156,76312,0,0,0,0,-1,-1,76.31
631,fork,25578387855085,73198,0,0,0,0,-1,-1,73.20
632,fork,25578387930943,420013,0,0,0,0,-1,-1,420.01
633,fork,25578388354406,83286,0,0,0,0,-1,-1,83.29
634,fork,25578388440274,76902,0,0,0,0,-1,-1,76.90
635,fork,25578388520019,78084,0,0,0,0,-1,-1,78.08
636,fork,25578388600683,77171,0,0,0,0,-1,-1,77.17
637,fork,25578388680406,74661,0,0,0,0,-1,-1,74.66
638,fork,25578388757640,76421,0,0,0,0,-1,-1,76.42
639,fork,25578388836811,75267,0,0,0,0,-1,-1,75.27
640,fork,25578388914680,77356,0,0,0,0,-1,-1,77.36
641,fork,25578388994612,129350,0,0,0,0,-1,-1,129.35
642,fork,25578389126454,62336,0,0,0,0,-1,-1,62.34
643,fork,25578389192003,61937,0,0,0,0,-1,-1,61.94
644,fork,25578389255772,56948,0,0,0,0,-1,-1,56.95
645,fork,25578389314458,80697,0,0,0,0,-1,-1,80.70
646,fork,25578389396884,61247,0,0,0,0,-1,-1,61.25
647,fork,25578389459842,59764,0,0,0,0,-1,-1,59.76
648,fork,25578389521307,58817,0,0,0,0,-1,-1,58.82
649,fork,25578389581841,66074,0,0,0,0,-1,-1,66.07
650,fork,25578389649761,59402,0,0,0,0,-1,-1,59.40
651,fork,25578389710818,63037,0,0,0,0,-1,-1,63.04
652,fork,25578389786188,74322,0,0,0,0,-1,-1,74.32
653,fork,25578389861769,68908,0,0,0,0,-1,-1,68.91
654,fork,25578389931919,62665,0,0,0,0,-1,-1,62.66
655,fork,25578389995849,89745,0,0,0,0,-1,-1,89.75
656,fork,25578390087307,64739,0,0,0,0,-1,-1,64.74
657,fork,25578390153438,59105,0,0,0,0,-1,-1,59.10
658,fork,25578390214017,55570,0,0,0,0,-1,-1,55.57
659,fork,25578390270973,63139,0,0,0,0,-1,-1,63.14
660,fork,25578390335368,67397,0,0,0,0,-1,-1,67.40
661,fork,25578390404043,62193,0,0,0,0,-1,-1,62.19
662,fork,25578390467475,63242,0,0,0,0,-1,-1,63.24
663,fork,25578390531938,61295,0,0,0,0,-1,-1,61.30
664,fork,25578390594518,61992,0,0,0,0,-1,-1,61.99
665,fork,25578390657760,67036,0,0,0,0,-1,-1,67.04
666,fork,25578390726071,62220,0,0,0,0,-1,-1,62.22
667,fork,25578390789524,64615,0,0,0,0,-1,-1,64.61
668,fork,25578390855401,63974,0,0,0,0,-1,-1,63.97
669,fork,25578390920626,70340,0,0,0,0,-1,-1,70.34
670,fork,25578390992252,79602,0,0,0,0,-1,-1,79.60
671,fork,25578391073075,66370,0,0,0,0,-1,-1,66.37
672,fork,25578391140692,61725,0,0,0,0,-1,-1,61.73
673,fork,25578391203704,60898,0,0,0,0,-1,-1,60.90
674,fork,25578391265877,61961,0,0,0,0,-1,-1,61.96
675,fork,25578391329108,65235,0,0,0,0,-1,-1,65.23
676,fork,25578391395608,61815,0,0,0,0,-1,-1,61.81
677,fork,25578391458712,64185,0,0,0,0,-1,-1,64.19
678,fork,25578391524202,62633,0,0,0,0,-1,-1,62.63
679,fork,25578391588138,61665,0,0,0,0,-1,-1,61.66
680,fork,25578391651042,59707,0,0,0,0,-1,-1,59.71
681,fork,25578391712038,63792,0,0,0,0,-1,-1,63.79
682,fork,25578391777122,60939,0,0,0,0,-1,-1,60.94
683,fork,25578391839261,65303,0,0,0,0,-1,-1,65.30
684,fork,25578391905837,59531,0,0,0,0,-1,-1,59.53
685,fork,25578391966622,78578,0,0,0,0,-1,-1,78.58
686,fork,25578392046564,72407,0,0,0,0,-1,-1,72.41
687,fork,25578392120399,62879,0,0,0,0,-1,-1,62.88
688,fork,25578392184550,59582,0,0,0,0,-1,-1,59.58
689,fork,25578392245398,65385,0,0,0,0,-1,-1,65.39
690,fork,25578392312025,60642,0,0,0,0,-1,-1,60.64
691,fork,25578392373939,62048,0,0,0,0,-1,-1,62.05
692,fork,25578392437264,59094,0,0,0,0,-1,-1,59.09
693,fork,25578392497607,60149,0,0,0,0,-1,-1,60.15
694,fork,25578392559014,61538,0,0,0,0,-1,-1,61.54
695,fork,25578392621835,63824,0,0,0,0,-1,-1,63.82
696,fork,25578392686889,59626,0,0,0,0,-1,-1,59.63
697,fork,25578392747782,61417,0,0,0,0,-1,-1,61.42
698,fork,25578392810463,64177,0,0,0,0,-1,-1,64.18
699,fork,25578392875889,62250,0,0,0,0,-1,-1,62.25
700,fork,25578392939459,59854,0,0,0,0,-1,-1,59.85
701,fork,25578393004509,72431,0,0,0,0,-1,-1,72.43
702,fork,25578393078488,59163,0,0,0,0,-1,-1,59.16
703,fork,25578393139036,62144,0,0,0,0,-1,-1,62.14
704,fork,25578393202522,70541,0,0,0,0,-1,-1,70.54
705,fork,25578393274350,62910,0,0,0,0,-1,-1,62.91
706,fork,25578393338654,60360,0,0,0,0,-1,-1,60.36
707,fork,25578393400266,63669,0,0,0,0,-1,-1,63.67
708,fork,25578393465182,71032,0,0,0,0,-1,-1,71.03
709,fork,25578393537724,69280,0,0,0,0,-1,-1,69.28
710,fork,25578393608457,65474,0,0,0,0,-1,-1,65.47
711,fork,25578393675752,68858,0,0,0,0,-1,-1,68.86
712,fork,25578393746288,67566,0,0,0,0,-1,-1,67.57
713,fork,25578393815652,61729,0,0,0,0,-1,-1,61.73
714,fork,25578393879198,64378,0,0,0,0,-1,-1,64.38
715,fork,25578393945319,65931,0,0,0,0,-1,-1,65.93
716,fork,25578394012981,87555,0,0,0,0,-1,-1,87.56
717,fork,25578394102489,68259,0,0,0,0,-1,-1,68.26
718,fork,25578394172513,65869,0,0,0,0,-1,-1,65.87
719,fork,25578394240212,65461,0,0,0,0,-1,-1,65.46
720,fork,25578394307448,60558,0,0,0,0,-1,-1,60.56
721,fork,25578394369889,62527,0,0,0,0,-1,-1,62.53
722,fork,25578394434257,60363,0,0,0,0,-1,-1,60.36
723,fork,25578394496317,65388,0,0,0,0,-1,-1,65.39
724,fork,25578394563596,62923,0,0,0,0,-1,-1,62.92
725,fork,25578394628317,59494,0,0,0,0,-1,-1,59.49
726,fork,25578394689523,59372,0,0,0,0,-1,-1,59.37
727,fork,25578394750672,60010,0,0,0,0,-1,-1,60.01
728,fork,25578394812550,61128,0,0,0,0,-1,-1,61.13
729,fork,25578394875523,60757,0,0,0,0,-1,-1,60.76
730,fork,25578394938021,100618,0,0,0,0,-1,-1,100.62
731,fork,25578395040901,58566,0,0,0,0,-1,-1,58.57
732,fork,25578395101692,62293,0,0,0,0,-1,-1,62.29
733,fork,25578395165828,55652,0,0,0,0,-1,-1,55.65
734,fork,25578395238086,63331,0,0,0,0,-1,-1,63.33
735,fork,25578395302745,66391,0,0,0,0,-1,-1,66.39
736,fork,25578395370926,61363,0,0,0,0,-1,-1,61.36
737,fork,25578395433792,60890,0,0,0,0,-1,-1,60.89
738,fork,25578395496061,67607,0,0,0,0,-1,-1,67.61
739,fork,25578395565060,65929,0,0,0,0,-1,-1,65.93
740,fork,25578395632277,61767,0,0,0,0,-1,-1,61.77
741,fork,25578395695307,63913,0,0,0,0,-1,-1,63.91
742,fork,25578395760609,62393,0,0,0,0,-1,-1,62.39
743,fork,25578395824521,60147,0,0,0,0,-1,-1,60.15
744,fork,25578395886053,62841,0,0,0,0,-1,-1,62.84
745,fork,25578395950526,67077,0,0,0,0,-1,-1,67.08
746,fork,25578396018954,60529,0,0,0,0,-1,-1,60.53
747,fork,25578396080935,64101,0,0,0,0,-1,-1,64.10
748,fork,25578396146361,62906,0,0,0,0,-1,-1,62.91
749,fork,25578396210703,58527,0,0,0,0,-1,-1,58.53
750,fork,25578396270593,62310,0,0,0,0,-1,-1,62.31
751,fork,25578396334461,61748,0,0,0,0,-1,-1,61.75
752,fork,25578396397562,62955,0,0,0,0,-1,-1,62.95
753,fork,25578396461782,62889,0,0,0,0,-1,-1,62.89
754,fork,25578396526226,57333,0,0,0,0,-1,-1,57.33
755,fork,25578396584837,60121,0,0,0,0,-1,-1,60.12
756,fork,25578396646269,62024,0,0,0,0,-1,-1,62.02
757,fork,25578396709670,61224,0,0,0,0,-1,-1,61.22
758,fork,25578396772187,61165,0,0,0,0,-1,-1,61.16
759,fork,25578396834665,69102,0,0,0,0,-1,-1,69.10
760,fork,25578396905100,57989,0,0,0,0,-1,-1,57.99
761,fork,25578396964351,61320,0,0,0,0,-1,-1,61.32
762,fork,25578397026943,62177,0,0,0,0,-1,-1,62.18
763,fork,25578397090383,61143,0,0,0,0,-1,-1,61.14
764,fork,25578397152936,57520,0,0,0,0,-1,-1,57.52
765,fork,25578397211729,61534,0,0,0,0,-1,-1,61.53
766,fork,25578397274881,60067,0,0,0,0,-1,-1,60.07
767,fork,25578397336223,61082,0,0,0,0,-1,-1,61.08
768,fork,25578397398732,61221,0,0,0,0,-1,-1,61.22
769,fork,25578397461215,63929,0,0,0,0,-1,-1,63.93
770,fork,25578397526469,58889,0,0,0,0,-1,-1,58.89
771,fork,25578397586731,60768,0,0,0,0,-1,-1,60.77
772,fork,25578397648777,59665,0,0,0,0,-1,-1,59.66
773,fork,25578397709778,61723,0,0,0,0,-1,-1,61.72
774,fork,25578397772795,75713,0,0,0,0,-1,-1,75.71
775,fork,25578397849900,57801,0,0,0,0,-1,-1,57.80
776,fork,25578397909022,63497,0,0,0,0,-1,-1,63.50
777,fork,25578397973806,69292,0,0,0,0,-1,-1,69.29
778,fork,25578398044851,71554,0,0,0,0,-1,-1,71.55
779,fork,25578398118369,62559,0,0,0,0,-1,-1,62.56
780,fork,25578398182189,59603,0,0,0,0,-1,-1,59.60
781,fork,25578398243066,58607,0,0,0,0,-1,-1,58.61
782,fork,25578398302988,59381,0,0,0,0,-1,-1,59.38
783,fork,25578398363671,62021,0,0,0,0,-1,-1,62.02
784,fork,25578398427109,59314,0,0,0,0,-1,-1,59.31
785,fork,25578398487835,59618,0,0,0,0,-1,-1,59.62
786,fork,25578398548813,59808,0,0,0,0,-1,-1,59.81
787,fork,25578398609874,60551,0,0,0,0,-1,-1,60.55
788,fork,25578398671708,58830,0,0,0,0,-1,-1,58.83
789,fork,25578398731794,61874,0,0,0,0,-1,-1,61.87
790,fork,25578398795062,62984,0,0,0,0,-1,-1,62.98
791,fork,25578398859407,61096,0,0,0,0,-1,-1,61.10
792,fork,25578398921813,59262,0,0,0,0,-1,-1,59.26
793,fork,25578398982830,67695,0,0,0,0,-1,-1,67.69
794,fork,25578399052433,61409,0,0,0,0,-1,-1,61.41
795,fork,25578399115636,63383,0,0,0,0,-1,-1,63.38
796,fork,25578399180832,64222,0,0,0,0,-1,-1,64.22
797,fork,25578399247055,60365,0,0,0,0,-1,-1,60.37
798,fork,25578399309213,61958,0,0,0,0,-1,-1,61.96
799,fork,25578399373115,60406,0,0,0,0,-1,-1,60.41
800,fork,25578399435357,60500,0,0,0,0,-1,-1,60.50
801,fork,25578399497773,68171,0,0,0,0,-1,-1,68.17
802,fork,25578399567890,61045,0,0,0,0,-1,-1,61.05
803,fork,25578399630877,63658,0,0,0,0,-1,-1,63.66
804,fork,25578399696269,99292,0,0,0,0,-1,-1,99.29
805,fork,25578399797341,60321,0,0,0,0,-1,-1,60.32
806,fork,25578399859389,61009,0,0,0,0,-1,-1,61.01
807,fork,25578399922146,64844,0,0,0,0,-1,-1,64.84
808,fork,25578399988709,62627,0,0,0,0,-1,-1,62.63
809,fork,25578400053204,62084,0,0,0,0,-1,-1,62.08
810,fork,25578400116965,60396,0,0,0,0,-1,-1,60.40
811,fork,25578400179147,60647,0,0,0,0,-1,-1,60.65
812,fork,25578400241604,60579,0,0,0,0,-1,-1,60.58
813,fork,25578400304005,61005,0,0,0,0,-1,-1,61.01
814,fork,25578400366878,65792,0,0,0,0,-1,-1,65.79
815,fork,25578400434373,60443,0,0,0,0,-1,-1,60.44
816,fork,25578400505963,64115,0,0,0,0,-1,-1,64.11
817,fork,25578400571566,61632,0,0,0,0,-1,-1,61.63
818,fork,25578400634600,59592,0,0,0,0,-1,-1,59.59
819,fork,25578400695501,62020,0,0,0,0,-1,-1,62.02
820,fork,25578400758986,58393,0,0,0,0,-1,-1,58.39
821,fork,25578400818761,62998,0,0,0,0,-1,-1,63.00
822,fork,25578400883417,61498,0,0,0,0,-1,-1,61.50
823,fork,25578400946330,61004,0,0,0,0,-1,-1,61.00
824,fork,25578401009066,62233,0,0,0,0,-1,-1,62.23
825,fork,25578401072678,61862,0,0,0,0,-1,-1,61.86
826,fork,25578401135931,59260,0,0,0,0,-1,-1,59.26
827,fork,25578401196575,62708,0,0,0,0,-1,-1,62.71
828,fork,25578401260548,62807,0,0,0,0,-1,-1,62.81
829,fork,25578401324713,59469,0,0,0,0,-1,-1,59.47
830,fork,25578401385463,63154,0,0,0,0,-1,-1,63.15
831,fork,25578401450146,64691,0,0,0,0,-1,-1,64.69
832,fork,25578401516127,59568,0,0,0,0,-1,-1,59.57
833,fork,25578401577294,62227,0,0,0,0,-1,-1,62.23
834,fork,25578401640868,60603,0,0,0,0,-1,-1,60.60
835,fork,25578401702844,58253,0,0,0,0,-1,-1,58.25
836,fork,25578401762508,61183,0,0,0,0,-1,-1,61.18
837,fork,25578401825190,63695,0,0,0,0,-1,-1,63.70
838,fork,25578401890234,59637,0,0,0,0,-1,-1,59.64
839,fork,25578401951106,67167,0,0,0,0,-1,-1,67.17
840,fork,25578402019844,61524,0,0,0,0,-1,-1,61.52
841,fork,25578402082644,59563,0,0,0,0,-1,-1,59.56
842,fork,25578402143480,59419,0,0,0,0,-1,-1,59.42
843,fork,25578402204263,61037,0,0,0,0,-1,-1,61.04
844,fork,25578402266692,57773,0,0,0,0,-1,-1,57.77
845,fork,25578402325712,58132,0,0,0,0,-1,-1,58.13
846,fork,25578402385120,64721,0,0,0,0,-1,-1,64.72
847,fork,25578402451095,57726,0,0,0,0,-1,-1,57.73
848,fork,25578402510190,61179,0,0,0,0,-1,-1,61.18
849,fork,25578402572652,62344,0,0,0,0,-1,-1,62.34
850,fork,25578402636541,61391,0,0,0,0,-1,-1,61.39
851,fork,25578402699167,59223,0,0,0,0,-1,-1,59.22
852,fork,25578402759867,69849,0,0,0,0,-1,-1,69.85
853,fork,25578402831316,63428,0,0,0,0,-1,-1,63.43
854,fork,25578402896033,59443,0,0,0,0,-1,-1,59.44
855,fork,25578402957103,138905,0,0,0,0,-1,-1,138.91
856,fork,25578403098264,62536,0,0,0,0,-1,-1,62.54
857,fork,25578403162359,60258,0,0,0,0,-1,-1,60.26
858,fork,25578403224005,64163,0,0,0,0,-1,-1,64.16
859,fork,25578403289449,59586,0,0,0,0,-1,-1,59.59
860,fork,25578403350292,60299,0,0,0,0,-1,-1,60.30
861,fork,25578403411895,64248,0,0,0,0,-1,-1,64.25
862,fork,25578403477496,67396,0,0,0,0,-1,-1,67.40
863,fork,25578403546505,61551,0,0,0,0,-1,-1,61.55
864,fork,25578403609352,67080,0,0,0,0,-1,-1,67.08
865,fork,25578403677719,63841,0,0,0,0,-1,-1,63.84
866,fork,25578403742830,59291,0,0,0,0,-1,-1,59.29
867,fork,25578403803518,62758,0,0,0,0,-1,-1,62.76
868,fork,25578403867654,59173,0,0,0,0,-1,-1,59.17
869,fork,25578403928105,67913,0,0,0,0,-1,-1,67.91
870,fork,25578403997316,78691,0,0,0,0,-1,-1,78.69
871,fork,25578404077355,68641,0,0,0,0,-1,-1,68.64
872,fork,25578404147279,69072,0,0,0,0,-1,-1,69.07
873,fork,25578404217686,69887,0,0,0,0,-1,-1,69.89
874,fork,25578404289013,69824,0,0,0,0,-1,-1,69.82
875,fork,25578404360655,64891,0,0,0,0,-1,-1,64.89
876,fork,25578404427237,76052,0,0,0,0,-1,-1,76.05
877,fork,25578404504972,67404,0,0,0,0,-1,-1,67.40
878,fork,25578404574232,65215,0,0,0,0,-1,-1,65.22
879,fork,25578404641302,66610,0,0,0,0,-1,-1,66.61
880,fork,25578404709584,61440,0,0,0,0,-1,-1,61.44
881,fork,25578404772725,59530,0,0,0,0,-1,-1,59.53
882,fork,25578404833969,65752,0,0,0,0,-1,-1,65.75
883,fork,25578404901523,66695,0,0,0,0,-1,-1,66.69
884,fork,25578404970043,63126,0,0,0,0,-1,-1,63.13
885,fork,25578405035047,64941,0,0,0,0,-1,-1,64.94
886,fork,25578405101785,62513,0,0,0,0,-1,-1,62.51
887,fork,25578405166100,74834,0,0,0,0,-1,-1,74.83
888,fork,25578405242685,67296,0,0,0,0,-1,-1,67.30
889,fork,25578405311685,63800,0,0,0,0,-1,-1,63.80
890,fork,25578405377221,61840,0,0,0,0,-1,-1,61.84
891,fork,25578405440842,95067,0,0,0,0,-1,-1,95.07
892,fork,25578405537691,64673,0,0,0,0,-1,-1,64.67
893,fork,25578405604326,60330,0,0,0,0,-1,-1,60.33
894,fork,25578405666603,64431,0,0,0,0,-1,-1,64.43
895,fork,25578405732760,64886,0,0,0,0,-1,-1,64.89
896,fork,25578405799347,59956,0,0,0,0,-1,-1,59.96
897,fork,25578405861016,64800,0,0,0,0,-1,-1,64.80
898,fork,25578405936153,69427,0,0,0,0,-1,-1,69.43
899,fork,25578406007092,77915,0,0,0,0,-1,-1,77.92
900,fork,25578406087174,63349,0,0,0,0,-1,-1,63.35
901,fork,25578406151915,61468,0,0,0,0,-1,-1,61.47
902,fork,25578406214788,68896,0,0,0,0,-1,-1,68.90
903,fork,25578406285048,61085,0,0,0,0,-1,-1,61.09
904,fork,25578406347462,61603,0,0,0,0,-1,-1,61.60
905,fork,25578406410346,58749,0,0,0,0,-1,-1,58.75
906,fork,25578406470469,59216,0,0,0,0,-1,-1,59.22
907,fork,25578406530936,64512,0,0,0,0,-1,-1,64.51
908,fork,25578406596725,59109,0,0,0,0,-1,-1,59.11
909,fork,25578406657101,57336,0,0,0,0,-1,-1,57.34
910,fork,25578406715713,60792,0,0,0,0,-1,-1,60.79
911,fork,25578406777795,59297,0,0,0,0,-1,-1,59.30
912,fork,25578406838535,58847,0,0,0,0,-1,-1,58.85
913,fork,25578406898636,69415,0,0,0,0,-1,-1,69.42
914,fork,25578406969376,66875,0,0,0,0,-1,-1,66.88
915,fork,25578407037523,63931,0,0,0,0,-1,-1,63.93
916,fork,25578407102772,64223,0,0,0,0,-1,-1,64.22
917,fork,25578407168292,60257,0,0,0,0,-1,-1,60.26
918,fork,25578407229832,60465,0,0,0,0,-1,-1,60.47
919,fork,25578407291571,62651,0,0,0,0,-1,-1,62.65
920,fork,25578407355496,62919,0,0,0,0,-1,-1,62.92
921,fork,25578407419667,58359,0,0,0,0,-1,-1,58.36
922,fork,25578407479266,62689,0,0,0,0,-1,-1,62.69
923,fork,25578407543315,59221,0,0,0,0,-1,-1,59.22
924,fork,25578407603815,59952,0,0,0,0,-1,-1,59.95
925,fork,25578407665051,69017,0,0,0,0,-1,-1,69.02
926,fork,25578407735370,64226,0,0,0,0,-1,-1,64.23
927,fork,25578407800883,58255,0,0,0,0,-1,-1,58.26
928,fork,25578407860430,63087,0,0,0,0,-1,-1,63.09
929,fork,25578407924837,59636,0,0,0,0,-1,-1,59.64
930,fork,25578407985729,68641,0,0,0,0,-1,-1,68.64
931,fork,25578408055619,63850,0,0,0,0,-1,-1,63.85
932,fork,25578408120850,60009,0,0,0,0,-1,-1,60.01
933,fork,25578408182144,72948,0,0,0,0,-1,-1,72.95
934,fork,25578408256396,63223,0,0,0,0,-1,-1,63.22
935,fork,25578408320904,61288,0,0,0,0,-1,-1,61.29
936,fork,25578408383435,58050,0,0,0,0,-1,-1,58.05
937,fork,25578408442792,61089,0,0,0,0,-1,-1,61.09
938,fork,25578408505160,59884,0,0,0,0,-1,-1,59.88
939,fork,25578408566318,59242,0,0,0,0,-1,-1,59.24
940,fork,25578408626821,66207,0,0,0,0,-1,-1,66.21
941,fork,25578408694302,60148,0,0,0,0,-1,-1,60.15
942,fork,25578408755748,58230,0,0,0,0,-1,-1,58.23
943,fork,25578408815253,61744,0,0,0,0,-1,-1,61.74
944,fork,25578408878232,61862,0,0,0,0,-1,-1,61.86
945,fork,25578408941350,61481,0,0,0,0,-1,-1,61.48
946,fork,25578409004369,67631,0,0,0,0,-1,-1,67.63
947,fork,25578409073277,75345,0,0,0,0,-1,-1,75.34
948,fork,25578409149904,59277,0,0,0,0,-1,-1,59.28
949,fork,25578409210472,67290,0,0,0,0,-1,-1,67.29
950,fork,25578409279033,57971,0,0,0,0,-1,-1,57.97
951,fork,25578409338281,58034,0,0,0,0,-1,-1,58.03
952,fork,25578409397694,66616,0,0,0,0,-1,-1,66.62
953,fork,25578409465606,60393,0,0,0,0,-1,-1,60.39
954,fork,25578409527303,58404,0,0,0,0,-1,-1,58.40
955,fork,25578409586968,63095,0,0,0,0,-1,-1,63.09
956,fork,25578409651362,57117,0,0,0,0,-1,-1,57.12
957,fork,25578409710269,57766,0,0,0,0,-1,-1,57.77
958,fork,25578409769721,64111,0,0,0,0,-1,-1,64.11
959,fork,25578409835634,60283,0,0,0,0,-1,-1,60.28
960,fork,25578409897619,58878,0,0,0,0,-1,-1,58.88
961,fork,25578409958179,65122,0,0,0,0,-1,-1,65.12
962,fork,25578410025003,59696,0,0,0,0,-1,-1,59.70
963,fork,25578410086432,59400,0,0,0,0,-1,-1,59.40
964,fork,25578410147540,69928,0,0,0,0,-1,-1,69.93
965,fork,25578410219256,67612,0,0,0,0,-1,-1,67.61
966,fork,25578410288753,62851,0,0,0,0,-1,-1,62.85
967,fork,25578410353483,63971,0,0,0,0,-1,-1,63.97
968,fork,25578410419367,65617,0,0,0,0,-1,-1,65.62
969,fork,25578410486938,62164,0,0,0,0,-1,-1,62.16
970,fork,25578410550996,66771,0,0,0,0,-1,-1,66.77
971,fork,25578410619504,63082,0,0,0,0,-1,-1,63.08
972,fork,25578410684409,61210,0,0,0,0,-1,-1,61.21
973,fork,25578410747363,65670,0,0,0,0,-1,-1,65.67
974,fork,25578410814820,68240,0,0,0,0,-1,-1,68.24
975,fork,25578410885211,61271,0,0,0,0,-1,-1,61.27
976,fork,25578410948360,108379,0,0,0,0,-1,-1,108.38
977,fork,25578411059575,80992,0,0,0,0,-1,-1,80.99
978,fork,25578411142904,67890,0,0,0,0,-1,-1,67.89
979,fork,25578411215516,99377,0,0,0,0,-1,-1,99.38
980,fork,25578411337587,99847,0,0,0,0,-1,-1,99.85
981,fork,25578411439653,81326,0,0,0,0,-1,-1,81.33
982,fork,25578411523232,84621,0,0,0,0,-1,-1,84.62
983,fork,25578411610038,77535,0,0,0,0,-1,-1,77.53
984,fork,25578411689666,81081,0,0,0,0,-1,-1,81.08
985,fork,25578411772894,81940,0,0,0,0,-1,-1,81.94
986,fork,25578411856885,76621,0,0,0,0,-1,-1,76.62
987,fork,25578411935506,78278,0,0,0,0,-1,-1,78.28
988,fork,25578412015855,78363,0,0,0,0,-1,-1,78.36
989,fork,25578412096284,76224,0,0,0,0,-1,-1,76.22
990,fork,25578412174508,77308,0,0,0,0,-1,-1,77.31
991,fork,25578412253850,84312,0,0,0,0,-1,-1,84.31
992,fork,25578412340223,72825,0,0,0,0,-1,-1,72.83
993,fork,25578412415140,74974,0,0,0,0,-1,-1,74.97
994,fork,25578412492094,74452,0,0,0,0,-1,-1,74.45
995,fork,25578412568606,77453,0,0,0,0,-1,-1,77.45
996,fork,25578412648103,72673,0,0,0,0,-1,-1,72.67
997,fork,25578412722781,75931,0,0,0,0,-1,-1,75.93
998,fork,25578412800686,73796,0,0,0,0,-1,-1,73.80
999,fork,25578412876498,85218,0,0,0,0,-1,-1,85.22
1000,vfork,25578412965840,27138,0,0,0,0,-1,-1,27.14
1001,vfork,25578412993704,46018,0,0,0,0,-1,-1,46.02
1002,vfork,25578413041706,28908,0,0,0,0,-1,-1,28.91
1003,vfork,25578413071039,21780,0,0,0,0,-1,-1,21.78
1004,vfork,25578413093119,18993,0,0,0,0,-1,-1,18.99
1005,vfork,25578413112386,17948,0,0,0,0,-1,-1,17.95
1006,vfork,25578413130620,18532,0,0,0,0,-1,-1,18.53
1007,vfork,25578413149449,17414,0,0,0,0,-1,-1,17.41
1008,vfork,25578413167143,17668,0,0,0,0,-1,-1,17.67
1009,vfork,25578413185091,17945,0,0,0,0,-1,-1,17.95
1010,vfork,25578413203321,18422,0,0,0,0,-1,-1,18.42
1011,vfork,25578413222006,18014,0,0,0,0,-1,-1,18.01
1012,vfork,25578413240315,18070,0,0,0,0,-1,-1,18.07
1013,vfork,25578413258678,17840,0,0,0,0,-1,-1,17.84
1014,vfork,25578413276767,18180,0,0,0,0,-1,-1,18.18
1015,vfork,25578413295206,20940,0,0,0,0,-1,-1,20.94
1016,vfork,25578413316440,17179,0,0,0,0,-1,-1,17.18
1017,vfork,25578413333870,16882,0,0,0,0,-1,-1,16.88
1018,vfork,25578413351018,24155,0,0,0,0,-1,-1,24.16
1019,vfork,25578413375485,18405,0,0,0,0,-1,-1,18.41
1020,vfork,25578413394173,18463,0,0,0,0,-1,-1,18.46
1021,vfork,25578413412908,20758,0,0,0,0,-1,-1,20.76
1022,vfork,25578413433946,18061,0,0,0,0,-1,-1,18.06
1023,vfork,25578413452307,17513,0,0,0,0,-1,-1,17.51
1024,vfork,25578413470110,19668,0,0,0,0,-1,-1,19.67
1025,vfork,25578413490045,16994,0,0,0,0,-1,-1,16.99
1026,vfork,25578413507302,16323,0,0,0,0,-1,-1,16.32
1027,vfork,25578413523888,19582,0,0,0,0,-1,-1,19.58
1028,vfork,25578413543747,18016,0,0,0,0,-1,-1,18.02
1029,vfork,25578413562064,16489,0,0,0,0,-1,-1,16.49
1030,vfork,25578413578818,23699,0,0,0,0,-1,-1,23.70
1031,vfork,25578413602801,16583,0,0,0,0,-1,-1,16.58
1032,vfork,25578413619656,16351,0,0,0,0,-1,-1,16.35
1033,vfork,25578413636283,20264,0,0,0,0,-1,-1,20.26
1034,vfork,25578413656817,23993,0,0,0,0,-1,-1,23.99
1035,vfork,25578413681074,16651,0,0,0,0,-1,-1,16.65
1036,vfork,25578413698004,19781,0,0,0,0,-1,-1,19.78
1037,vfork,25578413718064,16613,0,0,0,0,-1,-1,16.61
1038,vfork,25578413734947,17595,0,0,0,0,-1,-1,17.59
1039,vfork,25578413752796,19306,0,0,0,0,-1,-1,19.31
1040,vfork,25578413772377,16535,0,0,0,0,-1,-1,16.54
1041,vfork,25578413789192,16641,0,0,0,0,-1,-1,16.64
1042,vfork,25578413806103,19568,0,0,0,0,-1,-1,19.57
1043,vfork,25578413825940,16921,0,0,0,0,-1,-1,16.92
1044,vfork,25578413843134,16704,0,0,0,0,-1,-1,16.70
1045,vfork,25578413860119,19984,0,0,0,0,-1,-1,19.98
1046,vfork,25578413880356,17131,0,0,0,0,-1,-1,17.13
1047,vfork,25578413897792,16681,0,0,0,0,-1,-1,16.68
1048,vfork,25578413914745,20758,0,0,0,0,-1,-1,20.76
1049,vfork,25578413935779,16542,0,0,0,0,-1,-1,16.54
1050,vfork,25578413952574,17003,0,0,0,0,-1,-1,17.00
1051,vfork,25578413969874,19878,0,0,0,0,-1,-1,19.88
1052,vfork,25578413990027,21776,0,0,0,0,-1,-1,21.78
1053,vfork,25578414012088,19873,0,0,0,0,-1,-1,19.87
1054,vfork,25578414032211,24611,0,0,0,0,-1,-1,24.61
1055,vfork,25578414057135,19245,0,0,0,0,-1,-1,19.25
1056,vfork,25578414076648,18908,0,0,0,0,-1,-1,18.91
1057,vfork,25578414095830,17966,0,0,0,0,-1,-1,17.97
1058,vfork,25578414114050,20268,0,0,0,0,-1,-1,20.27
1059,vfork,25578414150475,21917,0,0,0,0,-1,-1,21.92
1060,vfork,25578414172658,20786,0,0,0,0,-1,-1,20.79
1061,vfork,25578414193721,16556,0,0,0,0,-1,-1,16.56
1062,vfork,25578414210546,16531,0,0,0,0,-1,-1,16.53
1063,vfork,25578414227348,19525,0,0,0,0,-1,-1,19.52
1064,vfork,25578414247149,17163,0,0,0,0,-1,-1,17.16
1065,vfork,25578414264575,32985,0,0,0,0,-1,-1,32.98
1066,vfork,25578414297825,19223,0,0,0,0,-1,-1,19.22
1067,vfork,25578414317318,17001,0,0,0,0,-1,-1,17.00
1068,vfork,25578414334624,17319,0,0,0,0,-1,-1,17.32
1069,vfork,25578414352218,20849,0,0,0,0,-1,-1,20.85
1070,vfork,25578414373338,16313,0,0,0,0,-1,-1,16.31
1071,vfork,25578414389924,15823,0,0,0,0,-1,-1,15.82
1072,vfork,25578414406043,20035,0,0,0,0,-1,-1,20.04
1073,vfork,25578414426380,16364,0,0,0,0,-1,-1,16.36
1074,vfork,25578414443011,16490,0,0,0,0,-1,-1,16.49
1075,vfork,25578414459788,19572,0,0,0,0,-1,-1,19.57
1076,vfork,25578414479626,16664,0,0,0,0,-1,-1,16.66
1077,vfork,25578414496556,16712,0,0,0,0,-1,-1,16.71
1078,vfork,25578414513537,19187,0,0,0,0,-1,-1,19.19
1079,vfork,25578414532988,16333,0,0,0,0,-1,-1,16.33
1080,vfork,25578414549588,16703,0,0,0,0,-1,-1,16.70
1081,vfork,25578414566596,19411,0,0,0,0,-1,-1,19.41
1082,vfork,25578414586302,17007,0,0,0,0,-1,-1,17.01
1083,vfork,25578414603588,16566,0,0,0,0,-1,-1,16.57
1084,vfork,25578414620438,19841,0,0,0,0,-1,-1,19.84
1085,vfork,25578414640557,17100,0,0,0,0,-1,-1,17.10
1086,vfork,25578414657971,20216,0,0,0,0,-1,-1,20.22
1087,vfork,25578414678446,19929,0,0,0,0,-1,-1,19.93
1088,vfork,25578414698643,16916,0,0,0,0,-1,-1,16.92
1089,vfork,25578414715837,16625,0,0,0,0,-1,-1,16.62
1090,vfork,25578414732758,20792,0,0,0,0,-1,-1,20.79
1091,vfork,25578414753830,16444,0,0,0,0,-1,-1,16.44
1092,vfork,25578414770549,16615,0,0,0,0,-1,-1,16.61
1093,vfork,25578414787428,19237,0,0,0,0,-1,-1,19.24
1094,vfork,25578414806927,16549,0,0,0,0,-1,-1,16.55
1095,vfork,25578414823745,16368,0,0,0,0,-1,-1,16.37
1096,vfork,25578414840377,19158,0,0,0,0,-1,-1,19.16
1097,vfork,25578414859825,16043,0,0,0,0,-1,-1,16.04
1098,vfork,25578414876139,16441,0,0,0,0,-1,-1,16.44
1099,vfork,25578414892845,19238,0,0,0,0,-1,-1,19.24
1100,vfork,25578414912348,16887,0,0,0,0,-1,-1,16.89
1101,vfork,25578414929512,18120,0,0,0,0,-1,-1,18.12
1102,vfork,25578414947914,20811,0,0,0,0,-1,-1,20.81
1103,vfork,25578414969032,17316,0,0,0,0,-1,-1,17.32
1104,vfork,25578414986645,19995,0,0,0,0,-1,-1,20.00
1105,vfork,25578415007081,22883,0,0,0,0,-1,-1,22.88
1106,vfork,25578415030229,17691,0,0,0,0,-1,-1,17.69
1107,vfork,25578415048186,16767,0,0,0,0,-1,-1,16.77
1108,vfork,25578415065221,24282,0,0,0,0,-1,-1,24.28
1109,vfork,25578415089784,16391,0,0,0,0,-1,-1,16.39
1110,vfork,25578415106449,16079,0,0,0,0,-1,-1,16.08
1111,vfork,25578415122812,20950,0,0,0,0,-1,-1,20.95
1112,vfork,25578415144142,16832,0,0,0,0,-1,-1,16.83
1113,vfork,25578415161252,16841,0,0,0,0,-1,-1,16.84
1114,vfork,25578415178368,22288,0,0,0,0,-1,-1,22.29
1115,vfork,25578415200922,16803,0,0,0,0,-1,-1,16.80
1116,vfork,25578415218005,16847,0,0,0,0,-1,-1,16.85
1117,vfork,25578415235107,18944,0,0,0,0,-1,-1,18.94
1118,vfork,25578415254334,16530,0,0,0,0,-1,-1,16.53
1119,vfork,25578415271141,16057,0,0,0,0,-1,-1,16.06
1120,vfork,25578415287490,19608,0,0,0,0,-1,-1,19.61
1121,vfork,25578415307372,17216,0,0,0,0,-1,-1,17.22
1122,vfork,25578415324862,17362,0,0,0,0,-1,-1,17.36
1123,vfork,25578415342490,21561,0,0,0,0,-1,-1,21.56
1124,vfork,25578415364558,17125,0,0,0,0,-1,-1,17.12
1125,vfork,25578415381982,16773,0,0,0,0,-1,-1,16.77
1126,vfork,25578415399007,19662,0,0,0,0,-1,-1,19.66
1127,vfork,25578415418919,48599,0,0,0,0,-1,-1,48.60
1128,vfork,25578415467801,16512,0,0,0,0,-1,-1,16.51
1129,vfork,25578415484600,21209,0,0,0,0,-1,-1,21.21
1130,vfork,25578415506128,16689,0,0,0,0,-1,-1,16.69
1131,vfork,25578415523086,16554,0,0,0,0,-1,-1,16.55
1132,vfork,25578415539894,19907,0,0,0,0,-1,-1,19.91
1133,vfork,25578415560077,17021,0,0,0,0,-1,-1,17.02
1134,vfork,25578415577394,16561,0,0,0,0,-1,-1,16.56
1135,vfork,25578415594224,19164,0,0,0,0,-1,-1,19.16
1136,vfork,25578415613658,16233,0,0,0,0,-1,-1,16.23
1137,vfork,25578415630164,16502,0,0,0,0,-1,-1,16.50
1138,vfork,25578415654151,20683,0,0,0,0,-1,-1,20.68
1139,vfork,25578415675137,16414,0,0,0,0,-1,-1,16.41
1140,vfork,25578415691817,19140,0,0,0,0,-1,-1,19.14
1141,vfork,25578415711249,23748,0,0,0,0,-1,-1,23.75
1142,vfork,25578415735273,20182,0,0,0,0,-1,-1,20.18
1143,vfork,25578415755720,17835,0,0,0,0,-1,-1,17.84
1144,vfork,25578415773829,20009,0,0,0,0,-1,-1,20.01
1145,vfork,25578415794124,16173,0,0,0,0,-1,-1,16.17
1146,vfork,25578415810563,16835,0,0,0,0,-1,-1,16.84
1147,vfork,25578415827670,20118,0,0,0,0,-1,-1,20.12
1148,vfork,25578415848095,16840,0,0,0,0,-1,-1,16.84
1149,vfork,25578415865211,17972,0,0,0,0,-1,-1,17.97
1150,vfork,25578415883460,21190,0,0,0,0,-1,-1,21.19
1151,vfork,25578415904936,17896,0,0,0,0,-1,-1,17.90
1152,vfork,25578415923115,17026,0,0,0,0,-1,-1,17.03
1153,vfork,25578415940421,19397,0,0,0,0,-1,-1,19.40
1154,vfork,25578415960109,16167,0,0,0,0,-1,-1,16.17
1155,vfork,25578415976551,16865,0,0,0,0,-1,-1,16.86
1156,vfork,25578415993690,21955,0,0,0,0,-1,-1,21.95
1157,vfork,25578416015907,17718,0,0,0,0,-1,-1,17.72
1158,vfork,25578416033892,17776,0,0,0,0,-1,-1,17.78
1159,vfork,25578416051950,19593,0,0,0,0,-1,-1,19.59
1160,vfork,25578416071803,17327,0,0,0,0,-1,-1,17.33
1161,vfork,25578416089403,16813,0,0,0,0,-1,-1,16.81
1162,vfork,25578416106481,20171,0,0,0,0,-1,-1,20.17
1163,vfork,25578416126938,16169,0,0,0,0,-1,-1,16.17
1164,vfork,25578416143376,17926,0,0,0,0,-1,-1,17.93
1165,vfork,25578416161573,19284,0,0,0,0,-1,-1,19.28
1166,vfork,25578416181120,17494,0,0,0,0,-1,-1,17.49
1167,vfork,25578416198863,16641,0,0,0,0,-1,-1,16.64
1168,vfork,25578416215771,20773,0,0,0,0,-1,-1,20.77
1169,vfork,25578416236828,16282,0,0,0,0,-1,-1,16.28
1170,vfork,25578416253383,21232,0,0,0,0,-1,-1,21.23
1171,vfork,25578416274886,18858,0,0,0,0,-1,-1,18.86
1172,vfork,25578416294028,16572,0,0,0,0,-1,-1,16.57
1173,vfork,25578416310873,21210,0,0,0,0,-1,-1,21.21
1174,vfork,25578416332392,20060,0,0,0,0,-1,-1,20.06
1175,vfork,25578416352738,16232,0,0,0,0,-1,-1,16.23
1176,vfork,25578416369218,16979,0,0,0,0,-1,-1,16.98
1177,vfork,25578416386462,19806,0,0,0,0,-1,-1,19.81
1178,vfork,25578416406545,16788,0,0,0,0,-1,-1,16.79
1179,vfork,25578416423608,16273,0,0,0,0,-1,-1,16.27
1180,vfork,25578416440131,19426,0,0,0,0,-1,-1,19.43
1181,vfork,25578416459825,19003,0,0,0,0,-1,-1,19.00
1182,vfork,25578416479118,17862,0,0,0,0,-1,-1,17.86
1183,vfork,25578416497239,20962,0,0,0,0,-1,-1,20.96
1184,vfork,25578416518462,17508,0,0,0,0,-1,-1,17.51
1185,vfork,25578416536272,17382,0,0,0,0,-1,-1,17.38
1186,vfork,25578416553931,21035,0,0,0,0,-1,-1,21.04
1187,vfork,25578416575270,20041,0,0,0,0,-1,-1,20.04
1188,vfork,25578416595599,18198,0,0,0,0,-1,-1,18.20
1189,vfork,25578416614083,19056,0,0,0,0,-1,-1,19.06
1190,vfork,25578416633416,18965,0,0,0,0,-1,-1,18.96
1191,vfork,25578416652642,18037,0,0,0,0,-1,-1,18.04
1192,vfork,25578416670955,22117,0,0,0,0,-1,-1,22.12
1193,vfork,25578416693359,27173,0,0,0,0,-1,-1,27.17
1194,vfork,25578416720782,20370,0,0,0,0,-1,-1,20.37
1195,vfork,25578416741427,23898,0,0,0,0,-1,-1,23.90
1196,vfork,25578416765602,18863,0,0,0,0,-1,-1,18.86
1197,vfork,25578416784718,17749,0,0,0,0,-1,-1,17.75
1198,vfork,25578416802737,23988,0,0,0,0,-1,-1,23.99
1199,vfork,25578416826995,16566,0,0,0,0,-1,-1,16.57
1200,vfork,25578416843833,17426,0,0,0,0,-1,-1,17.43
1201,vfork,25578416861525,20296,0,0,0,0,-1,-1,20.30
1202,vfork,25578416882111,17894,0,0,0,0,-1,-1,17.89
1203,vfork,25578416900266,16856,0,0,0,0,-1,-1,16.86
1204,vfork,25578416917402,21263,0,0,0,0,-1,-1,21.26
1205,vfork,25578416938951,17119,0,0,0,0,-1,-1,17.12
1206,vfork,25578416956339,17933,0,0,0,0,-1,-1,17.93
1207,vfork,25578416974533,19894,0,0,0,0,-1,-1,19.89
1208,vfork,25578416994679,19882,0,0,0,0,-1,-1,19.88
1209,vfork,25578417014834,17273,0,0,0,0,-1,-1,17.27
1210,vfork,25578417032360,19969,0,0,0,0,-1,-1,19.97
1211,vfork,25578417052608,17083,0,0,0,0,-1,-1,17.08
1212,vfork,25578417069967,17195,0,0,0,0,-1,-1,17.20
1213,vfork,25578417087442,19978,0,0,0,0,-1,-1,19.98
1214,vfork,25578417107696,17519,0,0,0,0,-1,-1,17.52
1215,vfork,25578417125485,16857,0,0,0,0,-1,-1,16.86
1216,vfork,25578417142607,20165,0,0,0,0,-1,-1,20.16
1217,vfork,25578417169626,17700,0,0,0,0,-1,-1,17.70
1218,vfork,25578417187591,17206,0,0,0,0,-1,-1,17.21
1219,vfork,25578417205094,21447,0,0,0,0,-1,-1,21.45
1220,vfork,25578417226836,18825,0,0,0,0,-1,-1,18.82
1221,vfork,25578417245921,17330,0,0,0,0,-1,-1,17.33
1222,vfork,25578417263513,20322,0,0,0,0,-1,-1,20.32
1223,vfork,25578417284098,17405,0,0,0,0,-1,-1,17.41
1224,vfork,25578417301787,17663,0,0,0,0,-1,-1,17.66
1225,vfork,25578417319723,21822,0,0,0,0,-1,-1,21.82
1226,vfork,25578417341809,19987,0,0,0,0,-1,-1,19.99
1227,vfork,25578417362071,17987,0,0,0,0,-1,-1,17.99
1228,vfork,25578417380323,21787,0,0,0,0,-1,-1,21.79
1229,vfork,25578417402379,17361,0,0,0,0,-1,-1,17.36
1230,vfork,25578417420020,17217,0,0,0,0,-1,-1,17.22
1231,vfork,25578417437492,20481,0,0,0,0,-1,-1,20.48
1232,vfork,25578417458278,17342,0,0,0,0,-1,-1,17.34
1233,vfork,25578417475883,17030,0,0,0,0,-1,-1,17.03
1234,vfork,25578417493185,21328,0,0,0,0,-1,-1,21.33
1235,vfork,25578417514797,17501,0,0,0,0,-1,-1,17.50
1236,vfork,25578417532592,17380,0,0,0,0,-1,-1,17.38
1237,vfork,25578417550228,20815,0,0,0,0,-1,-1,20.82
1238,vfork,25578417571349,16954,0,0,0,0,-1,-1,16.95
1239,vfork,25578417588583,16835,0,0,0,0,-1,-1,16.84
1240,vfork,25578417605689,20436,0,0,0,0,-1,-1,20.44
1241,vfork,25578417626405,17294,0,0,0,0,-1,-1,17.29
1242,vfork,25578417643971,17365,0,0,0,0,-1,-1,17.36
1243,vfork,25578417661601,22325,0,0,0,0,-1,-1,22.32
1244,vfork,25578417684186,17429,0,0,0,0,-1,-1,17.43
1245,vfork,25578417701878,17020,0,0,0,0,-1,-1,17.02
1246,vfork,25578417719158,20311,0,0,0,0,-1,-1,20.31
1247,vfork,25578417739775,16955,0,0,0,0,-1,-1,16.95
1248,vfork,25578417756995,82379,0,0,0,0,-1,-1,82.38
1249,vfork,25578417839663,20344,0,0,0,0,-1,-1,20.34
1250,vfork,25578417860289,17396,0,0,0,0,-1,-1,17.40
1251,vfork,25578417877967,20125,0,0,0,0,-1,-1,20.12
1252,vfork,25578417898395,20060,0,0,0,0,-1,-1,20.06
1253,vfork,25578417918721,16885,0,0,0,0,-1,-1,16.89
1254,vfork,25578417935887,20140,0,0,0,0,-1,-1,20.14
1255,vfork,25578417956318,20664,0,0,0,0,-1,-1,20.66
1256,vfork,25578417977267,16290,0,0,0,0,-1,-1,16.29
1257,vfork,25578417993820,18874,0,0,0,0,-1,-1,18.87
1258,vfork,25578418013072,20476,0,0,0,0,-1,-1,20.48
1259,vfork,25578418033831,16697,0,0,0,0,-1,-1,16.70
1260,vfork,25578418050786,17178,0,0,0,0,-1,-1,17.18
1261,vfork,25578418068242,21834,0,0,0,0,-1,-1,21.83
1262,vfork,25578418090340,18121,0,0,0,0,-1,-1,18.12
1263,vfork,25578418108754,16691,0,0,0,0,-1,-1,16.69
1264,vfork,25578418125727,19271,0,0,0,0,-1,-1,19.27
1265,vfork,25578418145275,16329,0,0,0,0,-1,-1,16.33
1266,vfork,25578418161872,16703,0,0,0,0,-1,-1,16.70
1267,vfork,25578418178855,19426,0,0,0,0,-1,-1,19.43
1268,vfork,25578418198561,17192,0,0,0,0,-1,-1,17.19
1269,vfork,25578418216242,17208,0,0,0,0,-1,-1,17.21
1270,vfork,25578418233734,20339,0,0,0,0,-1,-1,20.34
1271,vfork,25578418254354,16121,0,0,0,0,-1,-1,16.12
1272,vfork,25578418270766,17485,0,0,0,0,-1,-1,17.48
1273,vfork,25578418288550,19542,0,0,0,0,-1,-1,19.54
1274,vfork,25578418308375,17046,0,0,0,0,-1,-1,17.05
1275,vfork,25578418325696,16614,0,0,0,0,-1,-1,16.61
1276,vfork,25578418342600,19969,0,0,0,0,-1,-1,19.97
1277,vfork,25578418362848,16929,0,0,0,0,-1,-1,16.93
1278,vfork,25578418380042,17433,0,0,0,0,-1,-1,17.43
1279,vfork,25578418397738,20666,0,0,0,0,-1,-1,20.67
1280,vfork,25578418418686,16575,0,0,0,0,-1,-1,16.57
1281,vfork,25578418435529,16453,0,0,0,0,-1,-1,16.45
1282,vfork,25578418452251,23402,0,0,0,0,-1,-1,23.40
1283,vfork,25578418475934,17405,0,0,0,0,-1,-1,17.41
1284,vfork,25578418493621,17027,0,0,0,0,-1,-1,17.03
1285,vfork,25578418510929,19787,0,0,0,0,-1,-1,19.79
1286,vfork,25578418530988,16617,0,0,0,0,-1,-1,16.62
1287,vfork,25578418547885,16952,0,0,0,0,-1,-1,16.95
1288,vfork,25578418565123,19780,0,0,0,0,-1,-1,19.78
1289,vfork,25578418585180,16108,0,0,0,0,-1,-1,16.11
1290,vfork,25578418601566,16584,0,0,0,0,-1,-1,16.58
1291,vfork,25578418618404,19616,0,0,0,0,-1,-1,19.62
1292,vfork,25578418638324,16172,0,0,0,0,-1,-1,16.17
1293,vfork,25578418654761,16486,0,0,0,0,-1,-1,16.49
1294,vfork,25578418671522,19084,0,0,0,0,-1,-1,19.08
1295,vfork,25578418690878,16556,0,0,0,0,-1,-1,16.56
1296,vfork,25578418713131,17657,0,0,0,0,-1,-1,17.66
1297,vfork,25578418731072,20005,0,0,0,0,-1,-1,20.00
1298,vfork,25578418751377,18410,0,0,0,0,-1,-1,18.41
1299,vfork,25578418770078,18111,0,0,0,0,-1,-1,18.11
1300,vfork,25578418788493,21387,0,0,0,0,-1,-1,21.39
1301,vfork,25578418810187,16330,0,0,0,0,-1,-1,16.33
1302,vfork,25578418826795,15957,0,0,0,0,-1,-1,15.96
1303,vfork,25578418843047,19028,0,0,0,0,-1,-1,19.03
1304,vfork,25578418862343,17218,0,0,0,0,-1,-1,17.22
1305,vfork,25578418879832,17344,0,0,0,0,-1,-1,17.34
1306,vfork,25578418897449,20346,0,0,0,0,-1,-1,20.35
1307,vfork,25578418918296,17384,0,0,0,0,-1,-1,17.38
1308,vfork,25578418935958,16326,0,0,0,0,-1,-1,16.33
1309,vfork,25578418952536,19537,0,0,0,0,-1,-1,19.54
1310,vfork,25578418972359,19748,0,0,0,0,-1,-1,19.75
1311,vfork,25578418992359,135005,0,0,0,0,-1,-1,135.00
1312,vfork,25578419128144,22748,0,0,0,0,-1,-1,22.75
1313,vfork,25578419151395,19601,0,0,0,0,-1,-1,19.60
1314,vfork,25578419171298,18011,0,0,0,0,-1,-1,18.01
1315,vfork,25578419189927,19802,0,0,0,0,-1,-1,19.80
1316,vfork,25578419209998,19032,0,0,0,0,-1,-1,19.03
1317,vfork,25578419229374,18538,0,0,0,0,-1,-1,18.54
1318,vfork,25578419248175,18015,0,0,0,0,-1,-1,18.02
1319,vfork,25578419266502,17807,0,0,0,0,-1,-1,17.81
1320,vfork,25578419284658,18965,0,0,0,0,-1,-1,18.96
1321,vfork,25578419304014,17902,0,0,0,0,-1,-1,17.90
1322,vfork,25578419322198,18442,0,0,0,0,-1,-1,18.44
1323,vfork,25578419340921,18767,0,0,0,0,-1,-1,18.77
1324,vfork,25578419359964,17578,0,0,0,0,-1,-1,17.58
1325,vfork,25578419377809,17962,0,0,0,0,-1,-1,17.96
1326,vfork,25578419396047,17978,0,0,0,0,-1,-1,17.98
1327,vfork,25578419414299,17926,0,0,0,0,-1,-1,17.93
1328,vfork,25578419432588,18196,0,0,0,0,-1,-1,18.20
1329,vfork,25578419451066,18070,0,0,0,0,-1,-1,18.07
1330,vfork,25578419469412,17852,0,0,0,0,-1,-1,17.85
1331,vfork,25578419487531,18594,0,0,0,0,-1,-1,18.59
1332,vfork,25578419506395,17422,0,0,0,0,-1,-1,17.42
1333,vfork,25578419524218,18076,0,0,0,0,-1,-1,18.08
1334,vfork,25578419542571,17670,0,0,0,0,-1,-1,17.67
1335,vfork,25578419560520,17960,0,0,0,0,-1,-1,17.96
1336,vfork,25578419578758,18478,0,0,0,0,-1,-1,18.48
1337,vfork,25578419597509,17881,0,0,0,0,-1,-1,17.88
1338,vfork,25578419615665,18324,0,0,0,0,-1,-1,18.32
1339,vfork,25578419634252,17764,0,0,0,0,-1,-1,17.76
1340,vfork,25578419652296,17847,0,0,0,0,-1,-1,17.85
1341,vfork,25578419670480,18845,0,0,0,0,-1,-1,18.84
1342,vfork,25578419689599,18235,0,0,0,0,-1,-1,18.23
1343,vfork,25578419708199,28663,0,0,0,0,-1,-1,28.66
1344,vfork,25578419737333,18687,0,0,0,0,-1,-1,18.69
1345,vfork,25578419756281,18203,0,0,0,0,-1,-1,18.20
1346,vfork,25578419774760,17230,0,0,0,0,-1,-1,17.23
1347,vfork,25578419792260,17617,0,0,0,0,-1,-1,17.62
1348,vfork,25578419810149,18388,0,0,0,0,-1,-1,18.39
1349,vfork,25578419828788,18395,0,0,0,0,-1,-1,18.39
1350,vfork,25578419847452,16997,0,0,0,0,-1,-1,17.00
1351,vfork,25578419864767,17450,0,0,0,0,-1,-1,17.45
1352,vfork,25578419882594,17337,0,0,0,0,-1,-1,17.34
1353,vfork,25578419900186,17869,0,0,0,0,-1,-1,17.87
1354,vfork,25578419918319,16921,0,0,0,0,-1,-1,16.92
1355,vfork,25578419935655,18220,0,0,0,0,-1,-1,18.22
1356,vfork,25578419954185,18091,0,0,0,0,-1,-1,18.09
1357,vfork,25578419972557,18076,0,0,0,0,-1,-1,18.08
1358,vfork,25578419990914,21097,0,0,0,0,-1,-1,21.10
1359,vfork,25578420012422,20518,0,0,0,0,-1,-1,20.52
1360,vfork,25578420033216,20719,0,0,0,0,-1,-1,20.72
1361,vfork,25578420054194,18480,0,0,0,0,-1,-1,18.48
1362,vfork,25578420072952,17166,0,0,0,0,-1,-1,17.17
1363,vfork,25578420090389,18043,0,0,0,0,-1,-1,18.04
1364,vfork,25578420108716,17919,0,0,0,0,-1,-1,17.92
1365,vfork,25578420126915,17027,0,0,0,0,-1,-1,17.03
1366,vfork,25578420144225,18019,0,0,0,0,-1,-1,18.02
1367,vfork,25578420162519,17259,0,0,0,0,-1,-1,17.26
1368,vfork,25578420180041,17328,0,0,0,0,-1,-1,17.33
1369,vfork,25578420197650,17542,0,0,0,0,-1,-1,17.54
1370,vfork,25578420215464,19511,0,0,0,0,-1,-1,19.51
1371,vfork,25578420235267,16589,0,0,0,0,-1,-1,16.59
1372,vfork,25578420252130,17819,0,0,0,0,-1,-1,17.82
1373,vfork,25578420270203,20552,0,0,0,0,-1,-1,20.55
1374,vfork,25578420297775,19324,0,0,0,0,-1,-1,19.32
1375,vfork,25578420317379,17216,0,0,0,0,-1,-1,17.22
1376,vfork,25578420334870,21574,0,0,0,0,-1,-1,21.57
1377,vfork,25578420356835,17522,0,0,0,0,-1,-1,17.52
1378,vfork,25578420374744,16800,0,0,0,0,-1,-1,16.80
1379,vfork,25578420391839,22219,0,0,0,0,-1,-1,22.22
1380,vfork,25578420414332,17676,0,0,0,0,-1,-1,17.68
1381,vfork,25578420432292,16593,0,0,0,0,-1,-1,16.59
1382,vfork,25578420449251,20532,0,0,0,0,-1,-1,20.53
1383,vfork,25578420470056,16152,0,0,0,0,-1,-1,16.15
1384,vfork,25578420486507,16550,0,0,0,0,-1,-1,16.55
1385,vfork,25578420503326,19491,0,0,0,0,-1,-1,19.49
1386,vfork,25578420523095,16200,0,0,0,0,-1,-1,16.20
1387,vfork,25578420539561,16288,0,0,0,0,-1,-1,16.29
1388,vfork,25578420556120,19337,0,0,0,0,-1,-1,19.34
1389,vfork,25578420575711,17068,0,0,0,0,-1,-1,17.07
1390,vfork,25578420593060,17161,0,0,0,0,-1,-1,17.16
1391,vfork,25578420610501,19603,0,0,0,0,-1,-1,19.60
1392,vfork,25578420630371,16798,0,0,0,0,-1,-1,16.80
1393,vfork,25578420647435,16832,0,0,0,0,-1,-1,16.83
1394,vfork,25578420664546,18895,0,0,0,0,-1,-1,18.89
1395,vfork,25578420683704,16760,0,0,0,0,-1,-1,16.76
1396,vfork,25578420700731,16314,0,0,0,0,-1,-1,16.31
1397,vfork,25578420717319,20110,0,0,0,0,-1,-1,20.11
1398,vfork,25578420737728,17434,0,0,0,0,-1,-1,17.43
1399,vfork,25578420755433,16799,0,0,0,0,-1,-1,16.80
1400,vfork,25578420772495,19860,0,0,0,0,-1,-1,19.86
1401,vfork,25578420792609,16416,0,0,0,0,-1,-1,16.42
1402,vfork,25578420809307,16999,0,0,0,0,-1,-1,17.00
1403,vfork,25578420826604,20335,0,0,0,0,-1,-1,20.34
1404,vfork,25578420847221,16732,0,0,0,0,-1,-1,16.73
1405,vfork,25578420864219,16434,0,0,0,0,-1,-1,16.43
1406,vfork,25578420880928,20188,0,0,0,0,-1,-1,20.19
1407,vfork,25578420901407,16480,0,0,0,0,-1,-1,16.48
1408,vfork,25578420918157,16665,0,0,0,0,-1,-1,16.66
1409,vfork,25578420935090,20610,0,0,0,0,-1,-1,20.61
1410,vfork,25578420956098,16546,0,0,0,0,-1,-1,16.55
1411,vfork,25578420972911,16705,0,0,0,0,-1,-1,16.70
1412,vfork,25578420989897,22016,0,0,0,0,-1,-1,22.02
1413,vfork,25578421012227,17732,0,0,0,0,-1,-1,17.73
1414,vfork,25578421030223,17433,0,0,0,0,-1,-1,17.43
1415,vfork,25578421047918,20025,0,0,0,0,-1,-1,20.02
1416,vfork,25578421068223,16908,0,0,0,0,-1,-1,16.91
1417,vfork,25578421085415,16314,0,0,0,0,-1,-1,16.31
1418,vfork,25578421102008,20077,0,0,0,0,-1,-1,20.08
1419,vfork,25578421122363,17441,0,0,0,0,-1,-1,17.44
1420,vfork,25578421140081,16239,0,0,0,0,-1,-1,16.24
1421,vfork,25578421156600,20346,0,0,0,0,-1,-1,20.35
1422,vfork,25578421177213,16656,0,0,0,0,-1,-1,16.66
1423,vfork,25578421194149,16560,0,0,0,0,-1,-1,16.56
1424,vfork,25578421210974,20475,0,0,0,0,-1,-1,20.48
1425,vfork,25578421231846,16359,0,0,0,0,-1,-1,16.36
1426,vfork,25578421248475,16611,0,0,0,0,-1,-1,16.61
1427,vfork,25578421265486,19932,0,0,0,0,-1,-1,19.93
1428,vfork,25578421285684,18071,0,0,0,0,-1,-1,18.07
1429,vfork,25578421304042,16457,0,0,0,0,-1,-1,16.46
1430,vfork,25578421320770,20208,0,0,0,0,-1,-1,20.21
1431,vfork,25578421341341,16357,0,0,0,0,-1,-1,16.36
1432,vfork,25578421357952,17262,0,0,0,0,-1,-1,17.26
1433,vfork,25578421375487,19414,0,0,0,0,-1,-1,19.41
1434,vfork,25578421395174,16244,0,0,0,0,-1,-1,16.24
1435,vfork,25578421411686,17954,0,0,0,0,-1,-1,17.95
1436,vfork,25578421429913,20603,0,0,0,0,-1,-1,20.60
1437,vfork,25578421450923,16602,0,0,0,0,-1,-1,16.60
1438,vfork,25578421467795,17070,0,0,0,0,-1,-1,17.07
1439,vfork,25578421485142,19809,0,0,0,0,-1,-1,19.81
1440,vfork,25578421505229,16871,0,0,0,0,-1,-1,16.87
1441,vfork,25578421522377,16465,0,0,0,0,-1,-1,16.46
1442,vfork,25578421539093,20473,0,0,0,0,-1,-1,20.47
1443,vfork,25578421559848,18670,0,0,0,0,-1,-1,18.67
1444,vfork,25578421579055,17056,0,0,0,0,-1,-1,17.06
1445,vfork,25578421596374,21127,0,0,0,0,-1,-1,21.13
1446,vfork,25578421617826,17279,0,0,0,0,-1,-1,17.28
1447,vfork,25578421635361,17174,0,0,0,0,-1,-1,17.17
1448,vfork,25578421652804,19823,0,0,0,0,-1,-1,19.82
1449,vfork,25578421672901,16389,0,0,0,0,-1,-1,16.39
1450,vfork,25578421689557,20871,0,0,0,0,-1,-1,20.87
1451,vfork,25578421710715,20608,0,0,0,0,-1,-1,20.61
1452,vfork,25578421731609,16458,0,0,0,0,-1,-1,16.46
1453,vfork,25578421753700,17726,0,0,0,0,-1,-1,17.73
1454,vfork,25578421771711,20770,0,0,0,0,-1,-1,20.77
1455,vfork,25578421792765,18233,0,0,0,0,-1,-1,18.23
1456,vfork,25578421811369,17352,0,0,0,0,-1,-1,17.35
1457,vfork,25578421828988,19540,0,0,0,0,-1,-1,19.54
1458,vfork,25578421848793,20094,0,0,0,0,-1,-1,20.09
1459,vfork,25578421869174,16287,0,0,0,0,-1,-1,16.29
1460,vfork,25578421885822,19163,0,0,0,0,-1,-1,19.16
1461,vfork,25578421905374,16409,0,0,0,0,-1,-1,16.41
1462,vfork,25578421922059,16165,0,0,0,0,-1,-1,16.16
1463,vfork,25578421938496,19868,0,0,0,0,-1,-1,19.87
1464,vfork,25578421958837,17114,0,0,0,0,-1,-1,17.11
1465,vfork,25578421976248,16466,0,0,0,0,-1,-1,16.47
1466,vfork,25578421993003,24113,0,0,0,0,-1,-1,24.11
1467,vfork,25578422017404,16856,0,0,0,0,-1,-1,16.86
1468,vfork,25578422034535,16456,0,0,0,0,-1,-1,16.46
1469,vfork,25578422051265,20165,0,0,0,0,-1,-1,20.16
1470,vfork,25578422071715,16729,0,0,0,0,-1,-1,16.73
1471,vfork,25578422088828,18975,0,0,0,0,-1,-1,18.98
1472,vfork,25578422108084,20718,0,0,0,0,-1,-1,20.72
1473,vfork,25578422129076,16619,0,0,0,0,-1,-1,16.62
1474,vfork,25578422145947,16484,0,0,0,0,-1,-1,16.48
1475,vfork,25578422163077,21029,0,0,0,0,-1,-1,21.03
1476,vfork,25578422184565,16580,0,0,0,0,-1,-1,16.58
1477,vfork,25578422201402,17411,0,0,0,0,-1,-1,17.41
1478,vfork,25578422219106,19180,0,0,0,0,-1,-1,19.18
1479,vfork,25578422238643,16288,0,0,0,0,-1,-1,16.29
1480,vfork,25578422255215,16981,0,0,0,0,-1,-1,16.98
1481,vfork,25578422272472,19995,0,0,0,0,-1,-1,20.00
1482,vfork,25578422292807,16502,0,0,0,0,-1,-1,16.50
1483,vfork,25578422309582,16671,0,0,0,0,-1,-1,16.67
1484,vfork,25578422326528,19160,0,0,0,0,-1,-1,19.16
1485,vfork,25578422346054,16197,0,0,0,0,-1,-1,16.20
1486,vfork,25578422362514,19516,0,0,0,0,-1,-1,19.52
1487,vfork,25578422382333,20540,0,0,0,0,-1,-1,20.54
1488,vfork,25578422403149,18158,0,0,0,0,-1,-1,18.16
1489,vfork,25578422421596,16405,0,0,0,0,-1,-1,16.41
1490,vfork,25578422438397,19151,0,0,0,0,-1,-1,19.15
1491,vfork,25578422457838,16391,0,0,0,0,-1,-1,16.39
1492,vfork,25578422474609,16453,0,0,0,0,-1,-1,16.45
1493,vfork,25578422491326,19237,0,0,0,0,-1,-1,19.24
1494,vfork,25578422510822,16200,0,0,0,0,-1,-1,16.20
1495,vfork,25578422527288,17176,0,0,0,0,-1,-1,17.18
1496,vfork,25578422544736,23705,0,0,0,0,-1,-1,23.70
1497,vfork,25578422568706,16641,0,0,0,0,-1,-1,16.64
1498,vfork,25578422585625,17934,0,0,0,0,-1,-1,17.93
1499,vfork,25578422603828,19774,0,0,0,0,-1,-1,19.77
1500,vfork,25578422623880,16315,0,0,0,0,-1,-1,16.32
1501,vfork,25578422640479,16152,0,0,0,0,-1,-1,16.15
1502,vfork,25578422656916,18849,0,0,0,0,-1,-1,18.85
1503,vfork,25578422676046,16069,0,0,0,0,-1,-1,16.07
1504,vfork,25578422692417,16653,0,0,0,0,-1,-1,16.65
1505,vfork,25578422709348,19392,0,0,0,0,-1,-1,19.39
1506,vfork,25578422729006,16547,0,0,0,0,-1,-1,16.55
1507,vfork,25578422745829,18685,0,0,0,0,-1,-1,18.68
1508,vfork,25578422764776,21493,0,0,0,0,-1,-1,21.49
1509,vfork,25578422786549,15863,0,0,0,0,-1,-1,15.86
1510,vfork,25578422802801,16250,0,0,0,0,-1,-1,16.25
1511,vfork,25578422819372,29527,0,0,0,0,-1,-1,29.53
1512,vfork,25578422849180,16904,0,0,0,0,-1,-1,16.90
1513,vfork,25578422866350,16378,0,0,0,0,-1,-1,16.38
1514,vfork,25578422883112,23014,0,0,0,0,-1,-1,23.01
1515,vfork,25578422906406,16509,0,0,0,0,-1,-1,16.51
1516,vfork,25578422923398,16361,0,0,0,0,-1,-1,16.36
1517,vfork,25578422940592,19540,0,0,0,0,-1,-1,19.54
1518,vfork,25578422960406,16055,0,0,0,0,-1,-1,16.05
1519,vfork,25578422976735,17464,0,0,0,0,-1,-1,17.46
1520,vfork,25578422994458,25483,0,0,0,0,-1,-1,25.48
1521,vfork,25578423020193,16569,0,0,0,0,-1,-1,16.57
1522,vfork,25578423037034,16176,0,0,0,0,-1,-1,16.18
1523,vfork,25578423053486,21176,0,0,0,0,-1,-1,21.18
1524,vfork,25578423074952,17061,0,0,0,0,-1,-1,17.06
1525,vfork,25578423092293,16579,0,0,0,0,-1,-1,16.58
1526,vfork,25578423109152,19771,0,0,0,0,-1,-1,19.77
1527,vfork,25578423129197,16063,0,0,0,0,-1,-1,16.06
1528,vfork,25578423145536,16790,0,0,0,0,-1,-1,16.79
1529,vfork,25578423162592,19763,0,0,0,0,-1,-1,19.76
1530,vfork,25578423182632,15835,0,0,0,0,-1,-1,15.84
1531,vfork,25578423199028,16369,0,0,0,0,-1,-1,16.37
1532,vfork,25578423221191,20036,0,0,0,0,-1,-1,20.04
1533,vfork,25578423241526,16590,0,0,0,0,-1,-1,16.59
1534,vfork,25578423258388,21737,0,0,0,0,-1,-1,21.74
1535,vfork,25578423280683,20071,0,0,0,0,-1,-1,20.07
1536,vfork,25578423301045,17202,0,0,0,0,-1,-1,17.20
1537,vfork,25578423318535,16516,0,0,0,0,-1,-1,16.52
1538,vfork,25578423335342,23235,0,0,0,0,-1,-1,23.23
1539,vfork,25578423358834,17188,0,0,0,0,-1,-1,17.19
1540,vfork,25578423376285,17816,0,0,0,0,-1,-1,17.82
1541,vfork,25578423394397,42992,0,0,0,0,-1,-1,42.99
1542,vfork,25578423437655,19681,0,0,0,0,-1,-1,19.68
1543,vfork,25578423457613,16275,0,0,0,0,-1,-1,16.27
1544,vfork,25578423474161,20080,0,0,0,0,-1,-1,20.08
1545,vfork,25578423494528,16349,0,0,0,0,-1,-1,16.35
1546,vfork,25578423511158,16025,0,0,0,0,-1,-1,16.02
1547,vfork,25578423527460,19842,0,0,0,0,-1,-1,19.84
1548,vfork,25578423547568,16477,0,0,0,0,-1,-1,16.48
1549,vfork,25578423564318,16170,0,0,0,0,-1,-1,16.17
1550,vfork,25578423580764,20269,0,0,0,0,-1,-1,20.27
1551,vfork,25578423601303,16317,0,0,0,0,-1,-1,16.32
1552,vfork,25578423617894,16354,0,0,0,0,-1,-1,16.35
1553,vfork,25578423634508,19078,0,0,0,0,-1,-1,19.08
1554,vfork,25578423653860,16435,0,0,0,0,-1,-1,16.43
1555,vfork,25578423670565,16268,0,0,0,0,-1,-1,16.27
1556,vfork,25578423687107,19500,0,0,0,0,-1,-1,19.50
1557,vfork,25578423707028,16696,0,0,0,0,-1,-1,16.70
1558,vfork,25578423724109,16745,0,0,0,0,-1,-1,16.75
1559,vfork,25578423741140,19354,0,0,0,0,-1,-1,19.35
1560,vfork,25578423760756,16459,0,0,0,0,-1,-1,16.46
1561,vfork,25578423777586,17113,0,0,0,0,-1,-1,17.11
1562,vfork,25578423794979,18807,0,0,0,0,-1,-1,18.81
1563,vfork,25578423814208,16552,0,0,0,0,-1,-1,16.55
1564,vfork,25578423831025,16211,0,0,0,0,-1,-1,16.21
1565,vfork,25578423847538,20072,0,0,0,0,-1,-1,20.07
1566,vfork,25578423868218,16588,0,0,0,0,-1,-1,16.59
1567,vfork,25578423885086,16380,0,0,0,0,-1,-1,16.38
1568,vfork,25578423901729,19825,0,0,0,0,-1,-1,19.82
1569,vfork,25578423921820,16030,0,0,0,0,-1,-1,16.03
1570,vfork,25578423938235,24315,0,0,0,0,-1,-1,24.32
1571,vfork,25578423962937,21494,0,0,0,0,-1,-1,21.49
1572,vfork,25578423984713,19061,0,0,0,0,-1,-1,19.06
1573,vfork,25578424004038,17558,0,0,0,0,-1,-1,17.56
1574,vfork,25578424021848,19791,0,0,0,0,-1,-1,19.79
1575,vfork,25578424041917,16262,0,0,0,0,-1,-1,16.26
1576,vfork,25578424058455,17136,0,0,0,0,-1,-1,17.14
1577,vfork,25578424076196,20112,0,0,0,0,-1,-1,20.11
1578,vfork,25578424096594,16306,0,0,0,0,-1,-1,16.31
1579,vfork,25578424113292,16425,0,0,0,0,-1,-1,16.43
1580,vfork,25578424130003,19875,0,0,0,0,-1,-1,19.88
1581,vfork,25578424150150,16420,0,0,0,0,-1,-1,16.42
1582,vfork,25578424166843,16727,0,0,0,0,-1,-1,16.73
1583,vfork,25578424183842,19867,0,0,0,0,-1,-1,19.87
1584,vfork,25578424203981,17880,0,0,0,0,-1,-1,17.88
1585,vfork,25578424222119,16322,0,0,0,0,-1,-1,16.32
1586,vfork,25578424238702,18937,0,0,0,0,-1,-1,18.94
1587,vfork,25578424257906,17305,0,0,0,0,-1,-1,17.30
1588,vfork,25578424275479,16414,0,0,0,0,-1,-1,16.41
1589,vfork,25578424292181,19476,0,0,0,0,-1,-1,19.48
1590,vfork,25578424311924,15987,0,0,0,0,-1,-1,15.99
1591,vfork,25578424328196,16702,0,0,0,0,-1,-1,16.70
1592,vfork,25578424345175,20223,0,0,0,0,-1,-1,20.22
1593,vfork,25578424365675,16121,0,0,0,0,-1,-1,16.12
1594,vfork,25578424382094,16957,0,0,0,0,-1,-1,16.96
1595,vfork,25578424399317,20395,0,0,0,0,-1,-1,20.39
1596,vfork,25578424419989,16989,0,0,0,0,-1,-1,16.99
1597,vfork,25578424437242,16570,0,0,0,0,-1,-1,16.57
1598,vfork,25578424454082,23026,0,0,0,0,-1,-1,23.03
1599,vfork,25578424477389,17394,0,0,0,0,-1,-1,17.39
1600,vfork,25578424495059,16449,0,0,0,0,-1,-1,16.45
1601,vfork,25578424511783,20686,0,0,0,0,-1,-1,20.69
1602,vfork,25578424532864,46056,0,0,0,0,-1,-1,46.06
1603,vfork,25578424579204,16962,0,0,0,0,-1,-1,16.96
1604,vfork,25578424596445,20081,0,0,0,0,-1,-1,20.08
1605,vfork,25578424616819,15841,0,0,0,0,-1,-1,15.84
1606,vfork,25578424632939,16212,0,0,0,0,-1,-1,16.21
1607,vfork,25578424649439,19389,0,0,0,0,-1,-1,19.39
1608,vfork,25578424669210,17592,0,0,0,0,-1,-1,17.59
1609,vfork,25578424687069,16198,0,0,0,0,-1,-1,16.20
1610,vfork,25578424703552,18991,0,0,0,0,-1,-1,18.99
1611,vfork,25578424727452,16712,0,0,0,0,-1,-1,16.71
1612,vfork,25578424744467,16740,0,0,0,0,-1,-1,16.74
1613,vfork,25578424761468,22191,0,0,0,0,-1,-1,22.19
1614,vfork,25578424783937,17030,0,0,0,0,-1,-1,17.03
1615,vfork,25578424801242,15690,0,0,0,0,-1,-1,15.69
1616,vfork,25578424817211,19141,0,0,0,0,-1,-1,19.14
1617,vfork,25578424836633,15682,0,0,0,0,-1,-1,15.68
1618,vfork,25578424852604,16272,0,0,0,0,-1,-1,16.27
1619,vfork,25578424869139,20391,0,0,0,0,-1,-1,20.39
1620,vfork,25578424889814,16496,0,0,0,0,-1,-1,16.50
1621,vfork,25578424906595,16081,0,0,0,0,-1,-1,16.08
1622,vfork,25578424923296,20805,0,0,0,0,-1,-1,20.80
1623,vfork,25578424944373,16330,0,0,0,0,-1,-1,16.33
1624,vfork,25578424961082,16830,0,0,0,0,-1,-1,16.83
1625,vfork,25578424978177,19681,0,0,0,0,-1,-1,19.68
1626,vfork,25578424998137,24169,0,0,0,0,-1,-1,24.17
1627,vfork,25578425022585,16641,0,0,0,0,-1,-1,16.64
1628,vfork,25578425039493,20088,0,0,0,0,-1,-1,20.09
1629,vfork,25578425059878,15945,0,0,0,0,-1,-1,15.95
1630,vfork,25578425076114,16528,0,0,0,0,-1,-1,16.53
1631,vfork,25578425092909,19418,0,0,0,0,-1,-1,19.42
1632,vfork,25578425112586,16532,0,0,0,0,-1,-1,16.53
1633,vfork,25578425129397,16611,0,0,0,0,-1,-1,16.61
1634,vfork,25578425146302,19977,0,0,0,0,-1,-1,19.98
1635,vfork,25578425166549,18410,0,0,0,0,-1,-1,18.41
1636,vfork,25578425185257,16780,0,0,0,0,-1,-1,16.78
1637,vfork,25578425202313,20336,0,0,0,0,-1,-1,20.34
1638,vfork,25578425222993,16381,0,0,0,0,-1,-1,16.38
1639,vfork,25578425239669,16435,0,0,0,0,-1,-1,16.43
1640,vfork,25578425256371,20346,0,0,0,0,-1,-1,20.35
1641,vfork,25578425277076,16728,0,0,0,0,-1,-1,16.73
1642,vfork,25578425294159,16135,0,0,0,0,-1,-1,16.14
1643,vfork,25578425310598,19442,0,0,0,0,-1,-1,19.44
1644,vfork,25578425330315,16669,0,0,0,0,-1,-1,16.67
1645,vfork,25578425347251,17198,0,0,0,0,-1,-1,17.20
1646,vfork,25578425364711,19344,0,0,0,0,-1,-1,19.34
1647,vfork,25578425384322,16375,0,0,0,0,-1,-1,16.38
1648,vfork,25578425400969,16506,0,0,0,0,-1,-1,16.51
1649,vfork,25578425417769,19518,0,0,0,0,-1,-1,19.52
1650,vfork,25578425437541,16185,0,0,0,0,-1,-1,16.18
1651,vfork,25578425453999,16373,0,0,0,0,-1,-1,16.37
1652,vfork,25578425470736,19267,0,0,0,0,-1,-1,19.27
1653,vfork,25578425490276,16833,0,0,0,0,-1,-1,16.83
1654,vfork,25578425507387,22180,0,0,0,0,-1,-1,22.18
1655,vfork,25578425529840,20395,0,0,0,0,-1,-1,20.39
1656,vfork,25578425550508,17307,0,0,0,0,-1,-1,17.31
1657,vfork,25578425568091,16289,0,0,0,0,-1,-1,16.29
1658,vfork,25578425584661,20302,0,0,0,0,-1,-1,20.30
1659,vfork,25578425605238,16618,0,0,0,0,-1,-1,16.62
1660,vfork,25578425622125,16439,0,0,0,0,-1,-1,16.44
1661,vfork,25578425638834,19499,0,0,0,0,-1,-1,19.50
1662,vfork,25578425658611,16495,0,0,0,0,-1,-1,16.50
1663,vfork,25578425675367,16137,0,0,0,0,-1,-1,16.14
1664,vfork,25578425691775,19529,0,0,0,0,-1,-1,19.53
1665,vfork,25578425711585,16593,0,0,0,0,-1,-1,16.59
1666,vfork,25578425728446,16971,0,0,0,0,-1,-1,16.97
1667,vfork,25578425745695,19780,0,0,0,0,-1,-1,19.78
1668,vfork,25578425765753,16594,0,0,0,0,-1,-1,16.59
1669,vfork,25578425782627,15803,0,0,0,0,-1,-1,15.80
1670,vfork,25578425798721,19226,0,0,0,0,-1,-1,19.23
1671,vfork,25578425818222,16273,0,0,0,0,-1,-1,16.27
1672,vfork,25578425834760,16841,0,0,0,0,-1,-1,16.84
1673,vfork,25578425851878,19691,0,0,0,0,-1,-1,19.69
1674,vfork,25578425871966,16163,0,0,0,0,-1,-1,16.16
1675,vfork,25578425888520,16020,0,0,0,0,-1,-1,16.02
1676,vfork,25578425904815,19930,0,0,0,0,-1,-1,19.93
1677,vfork,25578425925367,16999,0,0,0,0,-1,-1,17.00
1678,vfork,25578425942671,16308,0,0,0,0,-1,-1,16.31
1679,vfork,25578425959263,20759,0,0,0,0,-1,-1,20.76
1680,vfork,25578425980311,17451,0,0,0,0,-1,-1,17.45
1681,vfork,25578425998036,21744,0,0,0,0,-1,-1,21.74
1682,vfork,25578426020051,23406,0,0,0,0,-1,-1,23.41
1683,vfork,25578426043739,16567,0,0,0,0,-1,-1,16.57
1684,vfork,25578426060580,16499,0,0,0,0,-1,-1,16.50
1685,vfork,25578426077353,19592,0,0,0,0,-1,-1,19.59
1686,vfork,25578426097213,16334,0,0,0,0,-1,-1,16.33
1687,vfork,25578426113808,17317,0,0,0,0,-1,-1,17.32
1688,vfork,25578426131389,19714,0,0,0,0,-1,-1,19.71
1689,vfork,25578426156493,17310,0,0,0,0,-1,-1,17.31
1690,vfork,25578426174087,16667,0,0,0,0,-1,-1,16.67
1691,vfork,25578426191241,21654,0,0,0,0,-1,-1,21.65
1692,vfork,25578426213159,17358,0,0,0,0,-1,-1,17.36
1693,vfork,25578426230789,16514,0,0,0,0,-1,-1,16.51
1694,vfork,25578426247580,20062,0,0,0,0,-1,-1,20.06
1695,vfork,25578426268118,16539,0,0,0,0,-1,-1,16.54
1696,vfork,25578426284925,17249,0,0,0,0,-1,-1,17.25
1697,vfork,25578426302443,21694,0,0,0,0,-1,-1,21.69
1698,vfork,25578426324516,16267,0,0,0,0,-1,-1,16.27
1699,vfork,25578426341047,18434,0,0,0,0,-1,-1,18.43
1700,vfork,25578426359761,19888,0,0,0,0,-1,-1,19.89
1701,vfork,25578426380029,16062,0,0,0,0,-1,-1,16.06
1702,vfork,25578426396471,16577,0,0,0,0,-1,-1,16.58
1703,vfork,25578426413314,19535,0,0,0,0,-1,-1,19.54
1704,vfork,25578426433114,16836,0,0,0,0,-1,-1,16.84
1705,vfork,25578426450225,18202,0,0,0,0,-1,-1,18.20
1706,vfork,25578426468705,19758,0,0,0,0,-1,-1,19.76
1707,vfork,25578426488738,16544,0,0,0,0,-1,-1,16.54
1708,vfork,25578426505663,17227,0,0,0,0,-1,-1,17.23
1709,vfork,25578426523160,19529,0,0,0,0,-1,-1,19.53
1710,vfork,25578426542974,19606,0,0,0,0,-1,-1,19.61
1711,vfork,25578426562866,16048,0,0,0,0,-1,-1,16.05
1712,vfork,25578426579195,19170,0,0,0,0,-1,-1,19.17
1713,vfork,25578426598649,16204,0,0,0,0,-1,-1,16.20
1714,vfork,25578426615132,16134,0,0,0,0,-1,-1,16.13
1715,vfork,25578426631545,20524,0,0,0,0,-1,-1,20.52
1716,vfork,25578426652362,16803,0,0,0,0,-1,-1,16.80
1717,vfork,25578426669448,16603,0,0,0,0,-1,-1,16.60
1718,vfork,25578426686321,21467,0,0,0,0,-1,-1,21.47
1719,vfork,25578426708075,16165,0,0,0,0,-1,-1,16.16
1720,vfork,25578426724526,16513,0,0,0,0,-1,-1,16.51
1721,vfork,25578426741323,19159,0,0,0,0,-1,-1,19.16
1722,vfork,25578426760876,16592,0,0,0,0,-1,-1,16.59
1723,vfork,25578426777850,16373,0,0,0,0,-1,-1,16.37
1724,vfork,25578426794501,72542,0,0,0,0,-1,-1,72.54
1725,vfork,25578426867334,16946,0,0,0,0,-1,-1,16.95
1726,vfork,25578426884547,16855,0,0,0,0,-1,-1,16.86
1727,vfork,25578426901801,19727,0,0,0,0,-1,-1,19.73
1728,vfork,25578426921779,16535,0,0,0,0,-1,-1,16.54
1729,vfork,25578426938580,17268,0,0,0,0,-1,-1,17.27
1730,vfork,25578426956105,20496,0,0,0,0,-1,-1,20.50
1731,vfork,25578426977027,16697,0,0,0,0,-1,-1,16.70
1732,vfork,25578426994000,60159,0,0,0,0,-1,-1,60.16
1733,vfork,25578427054857,69946,0,0,0,0,-1,-1,69.95
1734,vfork,25578427127103,26754,0,0,0,0,-1,-1,26.75
1735,vfork,25578427154136,20640,0,0,0,0,-1,-1,20.64
1736,vfork,25578427175083,18797,0,0,0,0,-1,-1,18.80
1737,vfork,25578427194151,17500,0,0,0,0,-1,-1,17.50
1738,vfork,25578427211981,17894,0,0,0,0,-1,-1,17.89
1739,vfork,25578427230148,18991,0,0,0,0,-1,-1,18.99
1740,vfork,25578427249418,18110,0,0,0,0,-1,-1,18.11
1741,vfork,25578427267814,18121,0,0,0,0,-1,-1,18.12
1742,vfork,25578427286331,18866,0,0,0,0,-1,-1,18.87
1743,vfork,25578427305486,17650,0,0,0,0,-1,-1,17.65
1744,vfork,25578427323553,19356,0,0,0,0,-1,-1,19.36
1745,vfork,25578427343296,19263,0,0,0,0,-1,-1,19.26
1746,vfork,25578427362948,17738,0,0,0,0,-1,-1,17.74
1747,vfork,25578427381048,17972,0,0,0,0,-1,-1,17.97
1748,vfork,25578427399287,20332,0,0,0,0,-1,-1,20.33
1749,vfork,25578427420021,17582,0,0,0,0,-1,-1,17.58
1750,vfork,25578427437871,17725,0,0,0,0,-1,-1,17.73
1751,vfork,25578427456119,17413,0,0,0,0,-1,-1,17.41
1752,vfork,25578427473813,17258,0,0,0,0,-1,-1,17.26
1753,vfork,25578427491343,17938,0,0,0,0,-1,-1,17.94
1754,vfork,25578427509550,18048,0,0,0,0,-1,-1,18.05
1755,vfork,25578427527882,17485,0,0,0,0,-1,-1,17.48
1756,vfork,25578427545876,17301,0,0,0,0,-1,-1,17.30
1757,vfork,25578427563474,17242,0,0,0,0,-1,-1,17.24
1758,vfork,25578427580982,18679,0,0,0,0,-1,-1,18.68
1759,vfork,25578427599930,17600,0,0,0,0,-1,-1,17.60
1760,vfork,25578427617933,17746,0,0,0,0,-1,-1,17.75
1761,vfork,25578427635965,16900,0,0,0,0,-1,-1,16.90
1762,vfork,25578427653351,18476,0,0,0,0,-1,-1,18.48
1763,vfork,25578427672098,19408,0,0,0,0,-1,-1,19.41
1764,vfork,25578427691784,18482,0,0,0,0,-1,-1,18.48
1765,vfork,25578427710528,17622,0,0,0,0,-1,-1,17.62
1766,vfork,25578427728415,17370,0,0,0,0,-1,-1,17.37
1767,vfork,25578427746150,17194,0,0,0,0,-1,-1,17.19
1768,vfork,25578427769152,19009,0,0,0,0,-1,-1,19.01
1769,vfork,25578427788542,18395,0,0,0,0,-1,-1,18.39
1770,vfork,25578427807185,18785,0,0,0,0,-1,-1,18.79
1771,vfork,25578427826260,19203,0,0,0,0,-1,-1,19.20
1772,vfork,25578427845777,19099,0,0,0,0,-1,-1,19.10
1773,vfork,25578427865202,19467,0,0,0,0,-1,-1,19.47
1774,vfork,25578427885052,19106,0,0,0,0,-1,-1,19.11
1775,vfork,25578427904505,18506,0,0,0,0,-1,-1,18.51
1776,vfork,25578427923329,20000,0,0,0,0,-1,-1,20.00
1777,vfork,25578427943935,20127,0,0,0,0,-1,-1,20.13
1778,vfork,25578427964613,19353,0,0,0,0,-1,-1,19.35
1779,vfork,25578427984407,26011,0,0,0,0,-1,-1,26.01
1780,vfork,25578428010892,20074,0,0,0,0,-1,-1,20.07
1781,vfork,25578428031349,18435,0,0,0,0,-1,-1,18.43
1782,vfork,25578428050124,24303,0,0,0,0,-1,-1,24.30
1783,vfork,25578428074785,18198,0,0,0,0,-1,-1,18.20
1784,vfork,25578428093309,19587,0,0,0,0,-1,-1,19.59
1785,vfork,25578428113269,22733,0,0,0,0,-1,-1,22.73
1786,vfork,25578428136472,19553,0,0,0,0,-1,-1,19.55
1787,vfork,25578428156450,19364,0,0,0,0,-1,-1,19.36
1788,vfork,25578428176258,22934,0,0,0,0,-1,-1,22.93
1789,vfork,25578428199503,19234,0,0,0,0,-1,-1,19.23
1790,vfork,25578428219141,20293,0,0,0,0,-1,-1,20.29
1791,vfork,25578428239865,23090,0,0,0,0,-1,-1,23.09
1792,vfork,25578428263456,18677,0,0,0,0,-1,-1,18.68
1793,vfork,25578428282452,18994,0,0,0,0,-1,-1,18.99
1794,vfork,25578428301753,23538,0,0,0,0,-1,-1,23.54
1795,vfork,25578428325756,19111,0,0,0,0,-1,-1,19.11
1796,vfork,25578428345218,19175,0,0,0,0,-1,-1,19.18
1797,vfork,25578428364702,22313,0,0,0,0,-1,-1,22.31
1798,vfork,25578428387382,19575,0,0,0,0,-1,-1,19.57
1799,vfork,25578428407275,19161,0,0,0,0,-1,-1,19.16
1800,vfork,25578428426905,26785,0,0,0,0,-1,-1,26.79
1801,vfork,25578428454335,18814,0,0,0,0,-1,-1,18.81
1802,vfork,25578428473541,19775,0,0,0,0,-1,-1,19.77
1803,vfork,25578428493796,24122,0,0,0,0,-1,-1,24.12
1804,vfork,25578428518305,19964,0,0,0,0,-1,-1,19.96
1805,vfork,25578428538638,19002,0,0,0,0,-1,-1,19.00
1806,vfork,25578428557996,22344,0,0,0,0,-1,-1,22.34
1807,vfork,25578428580704,18420,0,0,0,0,-1,-1,18.42
1808,vfork,25578428599600,19250,0,0,0,0,-1,-1,19.25
1809,vfork,25578428619307,22340,0,0,0,0,-1,-1,22.34
1810,vfork,25578428642076,19434,0,0,0,0,-1,-1,19.43
1811,vfork,25578428661910,18940,0,0,0,0,-1,-1,18.94
1812,vfork,25578428681364,22193,0,0,0,0,-1,-1,22.19
1813,vfork,25578428703940,19713,0,0,0,0,-1,-1,19.71
1814,vfork,25578428724079,20418,0,0,0,0,-1,-1,20.42
1815,vfork,25578428744866,20673,0,0,0,0,-1,-1,20.67
1816,vfork,25578428765981,18091,0,0,0,0,-1,-1,18.09
1817,vfork,25578428784509,18659,0,0,0,0,-1,-1,18.66
1818,vfork,25578428803462,21622,0,0,0,0,-1,-1,21.62
1819,vfork,25578428825382,19021,0,0,0,0,-1,-1,19.02
1820,vfork,25578428844826,18750,0,0,0,0,-1,-1,18.75
1821,vfork,25578428863931,23187,0,0,0,0,-1,-1,23.19
1822,vfork,25578428887496,19374,0,0,0,0,-1,-1,19.37
1823,vfork,25578428907233,18965,0,0,0,0,-1,-1,18.96
1824,vfork,25578428926539,23891,0,0,0,0,-1,-1,23.89
1825,vfork,25578428950840,18858,0,0,0,0,-1,-1,18.86
1826,vfork,25578428970103,18967,0,0,0,0,-1,-1,18.97
1827,vfork,25578428989440,32866,0,0,0,0,-1,-1,32.87
1828,vfork,25578429022937,49279,0,0,0,0,-1,-1,49.28
1829,vfork,25578429075072,33322,0,0,0,0,-1,-1,33.32
1830,vfork,25578429109243,24700,0,0,0,0,-1,-1,24.70
1831,vfork,25578429134666,24682,0,0,0,0,-1,-1,24.68
1832,vfork,25578429159947,24702,0,0,0,0,-1,-1,24.70
1833,vfork,25578429185297,22564,0,0,0,0,-1,-1,22.56
1834,vfork,25578429208448,22025,0,0,0,0,-1,-1,22.02
1835,vfork,25578429231058,22279,0,0,0,0,-1,-1,22.28
1836,vfork,25578429253871,23605,0,0,0,0,-1,-1,23.61
1837,vfork,25578429278063,23613,0,0,0,0,-1,-1,23.61
1838,vfork,25578429302248,23827,0,0,0,0,-1,-1,23.83
1839,vfork,25578429326632,22163,0,0,0,0,-1,-1,22.16
1840,vfork,25578429349332,24281,0,0,0,0,-1,-1,24.28
1841,vfork,25578429374175,22478,0,0,0,0,-1,-1,22.48
1842,vfork,25578429397203,22757,0,0,0,0,-1,-1,22.76
1843,vfork,25578429420511,22497,0,0,0,0,-1,-1,22.50
1844,vfork,25578429443559,22663,0,0,0,0,-1,-1,22.66
1845,vfork,25578429466741,21820,0,0,0,0,-1,-1,21.82
1846,vfork,25578429489113,22251,0,0,0,0,-1,-1,22.25
1847,vfork,25578429530093,29609,0,0,0,0,-1,-1,29.61
1848,vfork,25578429560352,24582,0,0,0,0,-1,-1,24.58
1849,vfork,25578429585485,26591,0,0,0,0,-1,-1,26.59
1850,vfork,25578429612674,21827,0,0,0,0,-1,-1,21.83
1851,vfork,25578429635083,22045,0,0,0,0,-1,-1,22.05
1852,vfork,25578429657731,25774,0,0,0,0,-1,-1,25.77
1853,vfork,25578429684040,20272,0,0,0,0,-1,-1,20.27
1854,vfork,25578429704873,21776,0,0,0,0,-1,-1,21.78
1855,vfork,25578429727194,24732,0,0,0,0,-1,-1,24.73
1856,vfork,25578429752477,21334,0,0,0,0,-1,-1,21.33
1857,vfork,25578429774374,21623,0,0,0,0,-1,-1,21.62
1858,vfork,25578429796531,24523,0,0,0,0,-1,-1,24.52
1859,vfork,25578429821555,22066,0,0,0,0,-1,-1,22.07
1860,vfork,25578429844203,21637,0,0,0,0,-1,-1,21.64
1861,vfork,25578429866381,24829,0,0,0,0,-1,-1,24.83
1862,vfork,25578429891756,21006,0,0,0,0,-1,-1,21.01
1863,vfork,25578429913335,21231,0,0,0,0,-1,-1,21.23
1864,vfork,25578429935163,27506,0,0,0,0,-1,-1,27.51
1865,vfork,25578429963288,22445,0,0,0,0,-1,-1,22.45
1866,vfork,25578429986297,26584,0,0,0,0,-1,-1,26.58
1867,vfork,25578430013510,26985,0,0,0,0,-1,-1,26.98
1868,vfork,25578430041076,21856,0,0,0,0,-1,-1,21.86
1869,vfork,25578430063502,21320,0,0,0,0,-1,-1,21.32
1870,vfork,25578430085423,26176,0,0,0,0,-1,-1,26.18
1871,vfork,25578430112136,20932,0,0,0,0,-1,-1,20.93
1872,vfork,25578430133667,22191,0,0,0,0,-1,-1,22.19
1873,vfork,25578430156432,26656,0,0,0,0,-1,-1,26.66
1874,vfork,25578430183653,23938,0,0,0,0,-1,-1,23.94
1875,vfork,25578430208173,22460,0,0,0,0,-1,-1,22.46
1876,vfork,25578430231219,25660,0,0,0,0,-1,-1,25.66
1877,vfork,25578430257414,22709,0,0,0,0,-1,-1,22.71
1878,vfork,25578430280724,23173,0,0,0,0,-1,-1,23.17
1879,vfork,25578430304445,25740,0,0,0,0,-1,-1,25.74
1880,vfork,25578430330725,22399,0,0,0,0,-1,-1,22.40
1881,vfork,25578430353680,22151,0,0,0,0,-1,-1,22.15
1882,vfork,25578430376452,26364,0,0,0,0,-1,-1,26.36
1883,vfork,25578430403336,22169,0,0,0,0,-1,-1,22.17
1884,vfork,25578430426074,21342,0,0,0,0,-1,-1,21.34
1885,vfork,25578430447981,25877,0,0,0,0,-1,-1,25.88
1886,vfork,25578430474414,22458,0,0,0,0,-1,-1,22.46
1887,vfork,25578430497430,22109,0,0,0,0,-1,-1,22.11
1888,vfork,25578430520153,25949,0,0,0,0,-1,-1,25.95
1889,vfork,25578430546615,22206,0,0,0,0,-1,-1,22.21
1890,vfork,25578430569415,22854,0,0,0,0,-1,-1,22.85
1891,vfork,25578430592807,28516,0,0,0,0,-1,-1,28.52
1892,vfork,25578430621914,22519,0,0,0,0,-1,-1,22.52
1893,vfork,25578430644970,22083,0,0,0,0,-1,-1,22.08
1894,vfork,25578430667637,30037,0,0,0,0,-1,-1,30.04
1895,vfork,25578430698240,21853,0,0,0,0,-1,-1,21.85
1896,vfork,25578430720644,21566,0,0,0,0,-1,-1,21.57
1897,vfork,25578430742742,24818,0,0,0,0,-1,-1,24.82
1898,vfork,25578430768096,21281,0,0,0,0,-1,-1,21.28
1899,vfork,25578430789910,22090,0,0,0,0,-1,-1,22.09
1900,vfork,25578430812585,24761,0,0,0,0,-1,-1,24.76
1901,vfork,25578430837943,20880,0,0,0,0,-1,-1,20.88
1902,vfork,25578430859411,31127,0,0,0,0,-1,-1,31.13
1903,vfork,25578430891101,25839,0,0,0,0,-1,-1,25.84
1904,vfork,25578430917509,21094,0,0,0,0,-1,-1,21.09
1905,vfork,25578430939194,20794,0,0,0,0,-1,-1,20.79
1906,vfork,25578430960563,24977,0,0,0,0,-1,-1,24.98
1907,vfork,25578430986065,27019,0,0,0,0,-1,-1,27.02
1908,vfork,25578431013727,22258,0,0,0,0,-1,-1,22.26
1909,vfork,25578431036560,24585,0,0,0,0,-1,-1,24.59
1910,vfork,25578431061688,21924,0,0,0,0,-1,-1,21.92
1911,vfork,25578431084169,20317,0,0,0,0,-1,-1,20.32
1912,vfork,25578431105070,26165,0,0,0,0,-1,-1,26.16
1913,vfork,25578431131761,22048,0,0,0,0,-1,-1,22.05
1914,vfork,25578431154370,21900,0,0,0,0,-1,-1,21.90
1915,vfork,25578431176802,25572,0,0,0,0,-1,-1,25.57
1916,vfork,25578431202903,21788,0,0,0,0,-1,-1,21.79
1917,vfork,25578431225231,21316,0,0,0,0,-1,-1,21.32
1918,vfork,25578431247133,24265,0,0,0,0,-1,-1,24.27
1919,vfork,25578431271922,21636,0,0,0,0,-1,-1,21.64
1920,vfork,25578431294106,21537,0,0,0,0,-1,-1,21.54
1921,vfork,25578431316224,25450,0,0,0,0,-1,-1,25.45
1922,vfork,25578431342208,25562,0,0,0,0,-1,-1,25.56
1923,vfork,25578431368322,21761,0,0,0,0,-1,-1,21.76
1924,vfork,25578431390664,26773,0,0,0,0,-1,-1,26.77
1925,vfork,25578431417952,21400,0,0,0,0,-1,-1,21.40
1926,vfork,25578431451037,24881,0,0,0,0,-1,-1,24.88
1927,vfork,25578431476519,27037,0,0,0,0,-1,-1,27.04
1928,vfork,25578431504104,21352,0,0,0,0,-1,-1,21.35
1929,vfork,25578431526028,21210,0,0,0,0,-1,-1,21.21
1930,vfork,25578431547847,25806,0,0,0,0,-1,-1,25.81
1931,vfork,25578431574196,21958,0,0,0,0,-1,-1,21.96
1932,vfork,25578431596701,21167,0,0,0,0,-1,-1,21.17
1933,vfork,25578431618431,47130,0,0,0,0,-1,-1,47.13
1934,vfork,25578431666132,22059,0,0,0,0,-1,-1,22.06
1935,vfork,25578431688743,21991,0,0,0,0,-1,-1,21.99
1936,vfork,25578431711296,24260,0,0,0,0,-1,-1,24.26
1937,vfork,25578431736095,21620,0,0,0,0,-1,-1,21.62
1938,vfork,25578431758274,21457,0,0,0,0,-1,-1,21.46
1939,vfork,25578431780305,25063,0,0,0,0,-1,-1,25.06
1940,vfork,25578431805918,20690,0,0,0,0,-1,-1,20.69
1941,vfork,25578431827172,19774,0,0,0,0,-1,-1,19.77
1942,vfork,25578431847510,25410,0,0,0,0,-1,-1,25.41
1943,vfork,25578431873460,21658,0,0,0,0,-1,-1,21.66
1944,vfork,25578431895673,21956,0,0,0,0,-1,-1,21.96
1945,vfork,25578431918165,25805,0,0,0,0,-1,-1,25.80
1946,vfork,25578431944560,21959,0,0,0,0,-1,-1,21.96
1947,vfork,25578431967063,22427,0,0,0,0,-1,-1,22.43
1948,vfork,25578431990060,30213,0,0,0,0,-1,-1,30.21
1949,vfork,25578432020913,22266,0,0,0,0,-1,-1,22.27
1950,vfork,25578432043738,27850,0,0,0,0,-1,-1,27.85
1951,vfork,25578432072135,52905,0,0,0,0,-1,-1,52.91
1952,vfork,25578432125638,25232,0,0,0,0,-1,-1,25.23
1953,vfork,25578432151357,22068,0,0,0,0,-1,-1,22.07
1954,vfork,25578432173927,25702,0,0,0,0,-1,-1,25.70
1955,vfork,25578432200173,26134,0,0,0,0,-1,-1,26.13
1956,vfork,25578432226855,23701,0,0,0,0,-1,-1,23.70
1957,vfork,25578432251099,25919,0,0,0,0,-1,-1,25.92
1958,vfork,25578432277535,23184,0,0,0,0,-1,-1,23.18
1959,vfork,25578432301217,22033,0,0,0,0,-1,-1,22.03
1960,vfork,25578432323764,25832,0,0,0,0,-1,-1,25.83
1961,vfork,25578432350095,21828,0,0,0,0,-1,-1,21.83
1962,vfork,25578432372442,23153,0,0,0,0,-1,-1,23.15
1963,vfork,25578432396099,25852,0,0,0,0,-1,-1,25.85
1964,vfork,25578432422452,22657,0,0,0,0,-1,-1,22.66
1965,vfork,25578432445610,20899,0,0,0,0,-1,-1,20.90
1966,vfork,25578432467042,26294,0,0,0,0,-1,-1,26.29
1967,vfork,25578432493838,21348,0,0,0,0,-1,-1,21.35
1968,vfork,25578432515705,22146,0,0,0,0,-1,-1,22.15
1969,vfork,25578432538371,25841,0,0,0,0,-1,-1,25.84
1970,vfork,25578432564728,22666,0,0,0,0,-1,-1,22.67
1971,vfork,25578432587911,22100,0,0,0,0,-1,-1,22.10
1972,vfork,25578432610573,25320,0,0,0,0,-1,-1,25.32
1973,vfork,25578432636400,22140,0,0,0,0,-1,-1,22.14
1974,vfork,25578432659092,21483,0,0,0,0,-1,-1,21.48
1975,vfork,25578432681067,25613,0,0,0,0,-1,-1,25.61
1976,vfork,25578432707212,22403,0,0,0,0,-1,-1,22.40
1977,vfork,25578432730134,22744,0,0,0,0,-1,-1,22.74
1978,vfork,25578432753363,30038,0,0,0,0,-1,-1,30.04
1979,vfork,25578432783963,21856,0,0,0,0,-1,-1,21.86
1980,vfork,25578432806310,21272,0,0,0,0,-1,-1,21.27
1981,vfork,25578432828095,24346,0,0,0,0,-1,-1,24.35
1982,vfork,25578432852951,21827,0,0,0,0,-1,-1,21.83
1983,vfork,25578432875300,21586,0,0,0,0,-1,-1,21.59
1984,vfork,25578432897392,25030,0,0,0,0,-1,-1,25.03
1985,vfork,25578432922979,21400,0,0,0,0,-1,-1,21.40
1986,vfork,25578432944866,21298,0,0,0,0,-1,-1,21.30
1987,vfork,25578432966654,27015,0,0,0,0,-1,-1,27.02
1988,vfork,25578432994247,27728,0,0,0,0,-1,-1,27.73
1989,vfork,25578433022555,21744,0,0,0,0,-1,-1,21.74
1990,vfork,25578433044762,25342,0,0,0,0,-1,-1,25.34
1991,vfork,25578433070595,21183,0,0,0,0,-1,-1,21.18
1992,vfork,25578433092288,21396,0,0,0,0,-1,-1,21.40
1993,vfork,25578433114200,24809,0,0,0,0,-1,-1,24.81
1994,vfork,25578433139533,48679,0,0,0,0,-1,-1,48.68
1995,vfork,25578433188719,21678,0,0,0,0,-1,-1,21.68
1996,vfork,25578433210853,24791,0,0,0,0,-1,-1,24.79
1997,vfork,25578433236164,20802,0,0,0,0,-1,-1,20.80
1998,vfork,25578433257498,23232,0,0,0,0,-1,-1,23.23
1999,vfork,25578433281234,25388,0,0,0,0,-1,-1,25.39
2000,clone_vm,25578433307913,24539,0,0,0,0,-1,-1,24.54
2001,clone_vm,25578433372610,21279,0,0,0,0,-1,-1,21.28
2002,clone_vm,25578433402226,22438,0,0,0,0,-1,-1,22.44
2003,clone_vm,25578433425286,18726,0,0,0,0,-1,-1,18.73
2004,clone_vm,25578433455542,24172,0,0,0,0,-1,-1,24.17
2005,clone_vm,25578433480378,25200,0,0,0,0,-1,-1,25.20
2006,clone_vm,25578433506302,24703,0,0,0,0,-1,-1,24.70
2007,clone_vm,25578433531606,18419,0,0,0,0,-1,-1,18.42
2008,clone_vm,25578433550593,23509,0,0,0,0,-1,-1,23.51
2009,clone_vm,25578433574689,18410,0,0,0,0,-1,-1,18.41
2010,clone_vm,25578433593680,18909,0,0,0,0,-1,-1,18.91
2011,clone_vm,25578433613178,22725,0,0,0,0,-1,-1,22.73
2012,clone_vm,25578433636478,18693,0,0,0,0,-1,-1,18.69
2013,clone_vm,25578433655726,19049,0,0,0,0,-1,-1,19.05
2014,clone_vm,25578433675373,22573,0,0,0,0,-1,-1,22.57
2015,clone_vm,25578433698499,18633,0,0,0,0,-1,-1,18.63
2016,clone_vm,25578433717681,19109,0,0,0,0,-1,-1,19.11
2017,clone_vm,25578433737390,21863,0,0,0,0,-1,-1,21.86
2018,clone_vm,25578433760062,19344,0,0,0,0,-1,-1,19.34
2019,clone_vm,25578433779949,22212,0,0,0,0,-1,-1,22.21
2020,clone_vm,25578433802744,22837,0,0,0,0,-1,-1,22.84
2021,clone_vm,25578433826141,18420,0,0,0,0,-1,-1,18.42
2022,clone_vm,25578433845114,18891,0,0,0,0,-1,-1,18.89
2023,clone_vm,25578433864564,22283,0,0,0,0,-1,-1,22.28
2024,clone_vm,25578433887521,18374,0,0,0,0,-1,-1,18.37
2025,clone_vm,25578433906462,18268,0,0,0,0,-1,-1,18.27
2026,clone_vm,25578433925257,22448,0,0,0,0,-1,-1,22.45
2027,clone_vm,25578433948271,19158,0,0,0,0,-1,-1,19.16
2028,clone_vm,25578433968008,19010,0,0,0,0,-1,-1,19.01
2029,clone_vm,25578433987603,26514,0,0,0,0,-1,-1,26.51
2030,clone_vm,25578434014752,20574,0,0,0,0,-1,-1,20.57
2031,clone_vm,25578434035883,19027,0,0,0,0,-1,-1,19.03
2032,clone_vm,25578434055502,22761,0,0,0,0,-1,-1,22.76
2033,clone_vm,25578434078851,18669,0,0,0,0,-1,-1,18.67
2034,clone_vm,25578434098090,22251,0,0,0,0,-1,-1,22.25
2035,clone_vm,25578434120905,23403,0,0,0,0,-1,-1,23.40
2036,clone_vm,25578434144873,18325,0,0,0,0,-1,-1,18.32
2037,clone_vm,25578434163749,18208,0,0,0,0,-1,-1,18.21
2038,clone_vm,25578434182503,22022,0,0,0,0,-1,-1,22.02
2039,clone_vm,25578434205303,18828,0,0,0,0,-1,-1,18.83
2040,clone_vm,25578434224702,20949,0,0,0,0,-1,-1,20.95
2041,clone_vm,25578434246344,22358,0,0,0,0,-1,-1,22.36
2042,clone_vm,25578434269612,18759,0,0,0,0,-1,-1,18.76
2043,clone_vm,25578434288907,18911,0,0,0,0,-1,-1,18.91
2044,clone_vm,25578434308429,22927,0,0,0,0,-1,-1,22.93
2045,clone_vm,25578434331920,19312,0,0,0,0,-1,-1,19.31
2046,clone_vm,25578434351822,19633,0,0,0,0,-1,-1,19.63
2047,clone_vm,25578434372004,22463,0,0,0,0,-1,-1,22.46
2048,clone_vm,25578434395019,18964,0,0,0,0,-1,-1,18.96
2049,clone_vm,25578434414517,18346,0,0,0,0,-1,-1,18.35
2050,clone_vm,25578434433412,22899,0,0,0,0,-1,-1,22.90
2051,clone_vm,25578434456861,18633,0,0,0,0,-1,-1,18.63
2052,clone_vm,25578434476040,18642,0,0,0,0,-1,-1,18.64
2053,clone_vm,25578434495226,23278,0,0,0,0,-1,-1,23.28
2054,clone_vm,25578434519059,19228,0,0,0,0,-1,-1,19.23
2055,clone_vm,25578434538836,18328,0,0,0,0,-1,-1,18.33
2056,clone_vm,25578434557723,22195,0,0,0,0,-1,-1,22.20
2057,clone_vm,25578434580696,18299,0,0,0,0,-1,-1,18.30
2058,clone_vm,25578434599549,18496,0,0,0,0,-1,-1,18.50
2059,clone_vm,25578434618596,22652,0,0,0,0,-1,-1,22.65
2060,clone_vm,25578434641796,18551,0,0,0,0,-1,-1,18.55
2061,clone_vm,25578434660904,19147,0,0,0,0,-1,-1,19.15
2062,clone_vm,25578434680633,28166,0,0,0,0,-1,-1,28.17
2063,clone_vm,25578434709566,19288,0,0,0,0,-1,-1,19.29
2064,clone_vm,25578434729424,19332,0,0,0,0,-1,-1,19.33
2065,clone_vm,25578434749302,23860,0,0,0,0,-1,-1,23.86
2066,clone_vm,25578434773738,18998,0,0,0,0,-1,-1,19.00
2067,clone_vm,25578434793352,19193,0,0,0,0,-1,-1,19.19
2068,clone_vm,25578434813091,22315,0,0,0,0,-1,-1,22.32
2069,clone_vm,25578434835991,18402,0,0,0,0,-1,-1,18.40
2070,clone_vm,25578434854958,18671,0,0,0,0,-1,-1,18.67
2071,clone_vm,25578434874174,23332,0,0,0,0,-1,-1,23.33
2072,clone_vm,25578434898186,18878,0,0,0,0,-1,-1,18.88
2073,clone_vm,25578434917720,18934,0,0,0,0,-1,-1,18.93
2074,clone_vm,25578434937189,24795,0,0,0,0,-1,-1,24.80
2075,clone_vm,25578434962909,26071,0,0,0,0,-1,-1,26.07
2076,clone_vm,25578434989595,144211,0,0,0,0,-1,-1,144.21
2077,clone_vm,25578435138556,268064,0,0,0,0,-1,-1,268.06
2078,clone_vm,25578435408896,50977,0,0,0,0,-1,-1,50.98
2079,clone_vm,25578435490965,28112,0,0,0,0,-1,-1,28.11
2080,clone_vm,25578435520056,22079,0,0,0,0,-1,-1,22.08
2081,clone_vm,25578435542917,20756,0,0,0,0,-1,-1,20.76
2082,clone_vm,25578435564372,20488,0,0,0,0,-1,-1,20.49
2083,clone_vm,25578435585536,23317,0,0,0,0,-1,-1,23.32
2084,clone_vm,25578435609510,19922,0,0,0,0,-1,-1,19.92
2085,clone_vm,25578435630106,21220,0,0,0,0,-1,-1,21.22
2086,clone_vm,25578435651993,19646,0,0,0,0,-1,-1,19.65
2087,clone_vm,25578435672302,21030,0,0,0,0,-1,-1,21.03
2088,clone_vm,25578435694102,19954,0,0,0,0,-1,-1,19.95
2089,clone_vm,25578435714692,19321,0,0,0,0,-1,-1,19.32
2090,clone_vm,25578435734660,19502,0,0,0,0,-1,-1,19.50
2091,clone_vm,25578435754846,19369,0,0,0,0,-1,-1,19.37
2092,clone_vm,25578435774874,19085,0,0,0,0,-1,-1,19.09
2093,clone_vm,25578435794651,18566,0,0,0,0,-1,-1,18.57
2094,clone_vm,25578435813838,20153,0,0,0,0,-1,-1,20.15
2095,clone_vm,25578435834662,20256,0,0,0,0,-1,-1,20.26
2096,clone_vm,25578435855582,19354,0,0,0,0,-1,-1,19.35
2097,clone_vm,25578435875559,20974,0,0,0,0,-1,-1,20.97
2098,clone_vm,25578435897166,18753,0,0,0,0,-1,-1,18.75
2099,clone_vm,25578435916508,19926,0,0,0,0,-1,-1,19.93
2100,clone_vm,25578435937068,20561,0,0,0,0,-1,-1,20.56
2101,clone_vm,25578435958289,23384,0,0,0,0,-1,-1,23.38
2102,clone_vm,25578435982343,25469,0,0,0,0,-1,-1,25.47
2103,clone_vm,25578436008531,23261,0,0,0,0,-1,-1,23.26
2104,clone_vm,25578436032485,22782,0,0,0,0,-1,-1,22.78
2105,clone_vm,25578436055909,22226,0,0,0,0,-1,-1,22.23
2106,clone_vm,25578436078803,27315,0,0,0,0,-1,-1,27.32
2107,clone_vm,25578436106787,22594,0,0,0,0,-1,-1,22.59
2108,clone_vm,25578436130010,20503,0,0,0,0,-1,-1,20.50
2109,clone_vm,25578436151210,21552,0,0,0,0,-1,-1,21.55
2110,clone_vm,25578436173417,21629,0,0,0,0,-1,-1,21.63
2111,clone_vm,25578436195666,20594,0,0,0,0,-1,-1,20.59
2112,clone_vm,25578436216908,19804,0,0,0,0,-1,-1,19.80
2113,clone_vm,25578436237358,19212,0,0,0,0,-1,-1,19.21
2114,clone_vm,25578436257231,25517,0,0,0,0,-1,-1,25.52
2115,clone_vm,25578436283623,20373,0,0,0,0,-1,-1,20.37
2116,clone_vm,25578436304773,19886,0,0,0,0,-1,-1,19.89
2117,clone_vm,25578436325283,20250,0,0,0,0,-1,-1,20.25
2118,clone_vm,25578436346292,20412,0,0,0,0,-1,-1,20.41
2119,clone_vm,25578436367373,19593,0,0,0,0,-1,-1,19.59
2120,clone_vm,25578436387633,20641,0,0,0,0,-1,-1,20.64
2121,clone_vm,25578436408942,20526,0,0,0,0,-1,-1,20.53
2122,clone_vm,25578436430237,20858,0,0,0,0,-1,-1,20.86
2123,clone_vm,25578436451731,20620,0,0,0,0,-1,-1,20.62
2124,clone_vm,25578436472984,20628,0,0,0,0,-1,-1,20.63
2125,clone_vm,25578436494235,20216,0,0,0,0,-1,-1,20.22
2126,clone_vm,25578436515099,20807,0,0,0,0,-1,-1,20.81
2127,clone_vm,25578436536532,19858,0,0,0,0,-1,-1,19.86
2128,clone_vm,25578436557045,19413,0,0,0,0,-1,-1,19.41
2129,clone_vm,25578436577120,19783,0,0,0,0,-1,-1,19.78
2130,clone_vm,25578436597525,19893,0,0,0,0,-1,-1,19.89
2131,clone_vm,25578436618023,20034,0,0,0,0,-1,-1,20.03
2132,clone_vm,25578436638705,20615,0,0,0,0,-1,-1,20.61
2133,clone_vm,25578436659999,20037,0,0,0,0,-1,-1,20.04
2134,clone_vm,25578436680691,19705,0,0,0,0,-1,-1,19.70
2135,clone_vm,25578436701042,19603,0,0,0,0,-1,-1,19.60
2136,clone_vm,25578436721350,20088,0,0,0,0,-1,-1,20.09
2137,clone_vm,25578436742125,18376,0,0,0,0,-1,-1,18.38
2138,clone_vm,25578436761143,20879,0,0,0,0,-1,-1,20.88
2139,clone_vm,25578436782675,20202,0,0,0,0,-1,-1,20.20
2140,clone_vm,25578436803526,20554,0,0,0,0,-1,-1,20.55
2141,clone_vm,25578436824706,20394,0,0,0,0,-1,-1,20.39
2142,clone_vm,25578436845752,20794,0,0,0,0,-1,-1,20.79
2143,clone_vm,25578436867181,21036,0,0,0,0,-1,-1,21.04
2144,clone_vm,25578436889016,20251,0,0,0,0,-1,-1,20.25
2145,clone_vm,25578436909889,18986,0,0,0,0,-1,-1,18.99
2146,clone_vm,25578436929486,24464,0,0,0,0,-1,-1,24.46
2147,clone_vm,25578436954571,22327,0,0,0,0,-1,-1,22.33
2148,clone_vm,25578436977542,28818,0,0,0,0,-1,-1,28.82
2149,clone_vm,25578437007070,31344,0,0,0,0,-1,-1,31.34
2150,clone_vm,25578437039083,23249,0,0,0,0,-1,-1,23.25
2151,clone_vm,25578437062965,20634,0,0,0,0,-1,-1,20.63
2152,clone_vm,25578437084242,21336,0,0,0,0,-1,-1,21.34
2153,clone_vm,25578437118419,26750,0,0,0,0,-1,-1,26.75
2154,clone_vm,25578437145942,22950,0,0,0,0,-1,-1,22.95
2155,clone_vm,25578437169557,21062,0,0,0,0,-1,-1,21.06
2156,clone_vm,25578437191478,21451,0,0,0,0,-1,-1,21.45
2157,clone_vm,25578437213755,20248,0,0,0,0,-1,-1,20.25
2158,clone_vm,25578437234663,20506,0,0,0,0,-1,-1,20.51
2159,clone_vm,25578437255986,21583,0,0,0,0,-1,-1,21.58
2160,clone_vm,25578437278188,30696,0,0,0,0,-1,-1,30.70
2161,clone_vm,25578437309501,25623,0,0,0,0,-1,-1,25.62
2162,clone_vm,25578437335754,28143,0,0,0,0,-1,-1,28.14
2163,clone_vm,25578437364733,21886,0,0,0,0,-1,-1,21.89
2164,clone_vm,25578437387405,21752,0,0,0,0,-1,-1,21.75
2165,clone_vm,25578437409986,21190,0,0,0,0,-1,-1,21.19
2166,clone_vm,25578437431827,19961,0,0,0,0,-1,-1,19.96
2167,clone_vm,25578437452412,20245,0,0,0,0,-1,-1,20.25
2168,clone_vm,25578437473428,21885,0,0,0,0,-1,-1,21.89
2169,clone_vm,25578437496350,30053,0,0,0,0,-1,-1,30.05
2170,clone_vm,25578437527319,22091,0,0,0,0,-1,-1,22.09
2171,clone_vm,25578437550265,21743,0,0,0,0,-1,-1,21.74
2172,clone_vm,25578437572649,22697,0,0,0,0,-1,-1,22.70
2173,clone_vm,25578437595981,21740,0,0,0,0,-1,-1,21.74
2174,clone_vm,25578437618463,21859,0,0,0,0,-1,-1,21.86
2175,clone_vm,25578437641094,19061,0,0,0,0,-1,-1,19.06
2176,clone_vm,25578437660836,20456,0,0,0,0,-1,-1,20.46
2177,clone_vm,25578437681940,21032,0,0,0,0,-1,-1,21.03
2178,clone_vm,25578437703756,24252,0,0,0,0,-1,-1,24.25
2179,clone_vm,25578437728632,21779,0,0,0,0,-1,-1,21.78
2180,clone_vm,25578437751260,19711,0,0,0,0,-1,-1,19.71
2181,clone_vm,25578437771748,20646,0,0,0,0,-1,-1,20.65
2182,clone_vm,25578437793018,21303,0,0,0,0,-1,-1,21.30
2183,clone_vm,25578437814967,20955,0,0,0,0,-1,-1,20.95
2184,clone_vm,25578437836573,19534,0,0,0,0,-1,-1,19.53
2185,clone_vm,25578437856814,20212,0,0,0,0,-1,-1,20.21
2186,clone_vm,25578437877653,19108,0,0,0,0,-1,-1,19.11
2187,clone_vm,25578437897383,19684,0,0,0,0,-1,-1,19.68
2188,clone_vm,25578437917648,20656,0,0,0,0,-1,-1,20.66
2189,clone_vm,25578437938908,20269,0,0,0,0,-1,-1,20.27
2190,clone_vm,25578437959759,20069,0,0,0,0,-1,-1,20.07
2191,clone_vm,25578437980443,24502,0,0,0,0,-1,-1,24.50
2192,clone_vm,25578438005603,30152,0,0,0,0,-1,-1,30.15
2193,clone_vm,25578438036376,23251,0,0,0,0,-1,-1,23.25
2194,clone_vm,25578438060365,20795,0,0,0,0,-1,-1,20.80
2195,clone_vm,25578438081834,21283,0,0,0,0,-1,-1,21.28
2196,clone_vm,25578438103718,19525,0,0,0,0,-1,-1,19.52
2197,clone_vm,25578438123826,20198,0,0,0,0,-1,-1,20.20
2198,clone_vm,25578438144614,19242,0,0,0,0,-1,-1,19.24
2199,clone_vm,25578438164436,20591,0,0,0,0,-1,-1,20.59
2200,clone_vm,25578438185614,24323,0,0,0,0,-1,-1,24.32
2201,clone_vm,25578438210531,19438,0,0,0,0,-1,-1,19.44
2202,clone_vm,25578438230603,18818,0,0,0,0,-1,-1,18.82
2203,clone_vm,25578438250008,22671,0,0,0,0,-1,-1,22.67
2204,clone_vm,25578438273260,19145,0,0,0,0,-1,-1,19.14
2205,clone_vm,25578438292992,18973,0,0,0,0,-1,-1,18.97
2206,clone_vm,25578438312525,22279,0,0,0,0,-1,-1,22.28
2207,clone_vm,25578438335384,19927,0,0,0,0,-1,-1,19.93
2208,clone_vm,25578438355998,19602,0,0,0,0,-1,-1,19.60
2209,clone_vm,25578438376183,22595,0,0,0,0,-1,-1,22.59
2210,clone_vm,25578438399354,18576,0,0,0,0,-1,-1,18.58
2211,clone_vm,25578438418502,23232,0,0,0,0,-1,-1,23.23
2212,clone_vm,25578438442323,23326,0,0,0,0,-1,-1,23.33
2213,clone_vm,25578438466250,19192,0,0,0,0,-1,-1,19.19
2214,clone_vm,25578438486011,19311,0,0,0,0,-1,-1,19.31
2215,clone_vm,25578438506083,21732,0,0,0,0,-1,-1,21.73
2216,clone_vm,25578438528416,18732,0,0,0,0,-1,-1,18.73
2217,clone_vm,25578438547704,18406,0,0,0,0,-1,-1,18.41
2218,clone_vm,25578438566713,21789,0,0,0,0,-1,-1,21.79
2219,clone_vm,25578438589190,19025,0,0,0,0,-1,-1,19.02
2220,clone_vm,25578438608926,22901,0,0,0,0,-1,-1,22.90
2221,clone_vm,25578438632445,21621,0,0,0,0,-1,-1,21.62
2222,clone_vm,25578438654651,18190,0,0,0,0,-1,-1,18.19
2223,clone_vm,25578438673418,18260,0,0,0,0,-1,-1,18.26
2224,clone_vm,25578438692269,23013,0,0,0,0,-1,-1,23.01
2225,clone_vm,25578438715912,18578,0,0,0,0,-1,-1,18.58
2226,clone_vm,25578438735219,18311,0,0,0,0,-1,-1,18.31
2227,clone_vm,25578438754146,26082,0,0,0,0,-1,-1,26.08
2228,clone_vm,25578438790239,21229,0,0,0,0,-1,-1,21.23
2229,clone_vm,25578438812226,19275,0,0,0,0,-1,-1,19.27
2230,clone_vm,25578438832242,22986,0,0,0,0,-1,-1,22.99
2231,clone_vm,25578438855941,20158,0,0,0,0,-1,-1,20.16
2232,clone_vm,25578438876729,18818,0,0,0,0,-1,-1,18.82
2233,clone_vm,25578438896121,22403,0,0,0,0,-1,-1,22.40
2234,clone_vm,25578438919240,18722,0,0,0,0,-1,-1,18.72
2235,clone_vm,25578438938549,18763,0,0,0,0,-1,-1,18.76
2236,clone_vm,25578438958034,21577,0,0,0,0,-1,-1,21.58
2237,clone_vm,25578438980228,25128,0,0,0,0,-1,-1,25.13
2238,clone_vm,25578439006138,19701,0,0,0,0,-1,-1,19.70
2239,clone_vm,25578439026476,21943,0,0,0,0,-1,-1,21.94
2240,clone_vm,25578439049028,19094,0,0,0,0,-1,-1,19.09
2241,clone_vm,25578439068716,18484,0,0,0,0,-1,-1,18.48
2242,clone_vm,25578439087783,21730,0,0,0,0,-1,-1,21.73
2243,clone_vm,25578439110094,19588,0,0,0,0,-1,-1,19.59
2244,clone_vm,25578439130262,18877,0,0,0,0,-1,-1,18.88
2245,clone_vm,25578439149813,22568,0,0,0,0,-1,-1,22.57
2246,clone_vm,25578439172971,18975,0,0,0,0,-1,-1,18.98
2247,clone_vm,25578439192644,18587,0,0,0,0,-1,-1,18.59
2248,clone_vm,25578439211811,21774,0,0,0,0,-1,-1,21.77
2249,clone_vm,25578439234162,18484,0,0,0,0,-1,-1,18.48
2250,clone_vm,25578439253212,19388,0,0,0,0,-1,-1,19.39
2251,clone_vm,25578439273190,22166,0,0,0,0,-1,-1,22.17
2252,clone_vm,25578439295950,18595,0,0,0,0,-1,-1,18.59
2253,clone_vm,25578439315113,18620,0,0,0,0,-1,-1,18.62
2254,clone_vm,25578439334434,21871,0,0,0,0,-1,-1,21.87
2255,clone_vm,25578439356874,22399,0,0,0,0,-1,-1,22.40
2256,clone_vm,25578439379873,18506,0,0,0,0,-1,-1,18.51
2257,clone_vm,25578439398985,21793,0,0,0,0,-1,-1,21.79
2258,clone_vm,25578439421477,18850,0,0,0,0,-1,-1,18.85
2259,clone_vm,25578439440917,18490,0,0,0,0,-1,-1,18.49
2260,clone_vm,25578439459973,22281,0,0,0,0,-1,-1,22.28
2261,clone_vm,25578439482850,18971,0,0,0,0,-1,-1,18.97
2262,clone_vm,25578439502425,18466,0,0,0,0,-1,-1,18.47
2263,clone_vm,25578439521588,21590,0,0,0,0,-1,-1,21.59
2264,clone_vm,25578439543763,18924,0,0,0,0,-1,-1,18.92
2265,clone_vm,25578439563251,18982,0,0,0,0,-1,-1,18.98
2266,clone_vm,25578439582813,22599,0,0,0,0,-1,-1,22.60
2267,clone_vm,25578439605985,19925,0,0,0,0,-1,-1,19.93
2268,clone_vm,25578439626469,18880,0,0,0,0,-1,-1,18.88
2269,clone_vm,25578439645908,22050,0,0,0,0,-1,-1,22.05
2270,clone_vm,25578439668538,18606,0,0,0,0,-1,-1,18.61
2271,clone_vm,25578439687824,19194,0,0,0,0,-1,-1,19.19
2272,clone_vm,25578439707570,22022,0,0,0,0,-1,-1,22.02
2273,clone_vm,25578439730158,18697,0,0,0,0,-1,-1,18.70
2274,clone_vm,25578439749407,18152,0,0,0,0,-1,-1,18.15
2275,clone_vm,25578439768142,23952,0,0,0,0,-1,-1,23.95
2276,clone_vm,25578439792649,18659,0,0,0,0,-1,-1,18.66
2277,clone_vm,25578439811870,18666,0,0,0,0,-1,-1,18.67
2278,clone_vm,25578439831081,22581,0,0,0,0,-1,-1,22.58
2279,clone_vm,25578439854234,18820,0,0,0,0,-1,-1,18.82
2280,clone_vm,25578439873635,18772,0,0,0,0,-1,-1,18.77
2281,clone_vm,25578439892980,21216,0,0,0,0,-1,-1,21.22
2282,clone_vm,25578439914893,19211,0,0,0,0,-1,-1,19.21
2283,clone_vm,25578439934684,22984,0,0,0,0,-1,-1,22.98
2284,clone_vm,25578439958247,25457,0,0,0,0,-1,-1,25.46
2285,clone_vm,25578439984397,22705,0,0,0,0,-1,-1,22.70
2286,clone_vm,25578440007719,27661,0,0,0,0,-1,-1,27.66
2287,clone_vm,25578440035982,22535,0,0,0,0,-1,-1,22.54
2288,clone_vm,25578440059096,18833,0,0,0,0,-1,-1,18.83
2289,clone_vm,25578440078483,18860,0,0,0,0,-1,-1,18.86
2290,clone_vm,25578440097907,22109,0,0,0,0,-1,-1,22.11
2291,clone_vm,25578440120638,19115,0,0,0,0,-1,-1,19.11
2292,clone_vm,25578440140333,19690,0,0,0,0,-1,-1,19.69
2293,clone_vm,25578440160618,22364,0,0,0,0,-1,-1,22.36
2294,clone_vm,25578440183575,19032,0,0,0,0,-1,-1,19.03
2295,clone_vm,25578440203177,18666,0,0,0,0,-1,-1,18.67
2296,clone_vm,25578440222410,22321,0,0,0,0,-1,-1,22.32
2297,clone_vm,25578440245429,18075,0,0,0,0,-1,-1,18.07
2298,clone_vm,25578440264091,18339,0,0,0,0,-1,-1,18.34
2299,clone_vm,25578440283012,21742,0,0,0,0,-1,-1,21.74
2300,clone_vm,25578440305322,18478,0,0,0,0,-1,-1,18.48
2301,clone_vm,25578440324368,18208,0,0,0,0,-1,-1,18.21
2302,clone_vm,25578440351434,24548,0,0,0,0,-1,-1,24.55
2303,clone_vm,25578440376824,20781,0,0,0,0,-1,-1,20.78
2304,clone_vm,25578440398437,18722,0,0,0,0,-1,-1,18.72
2305,clone_vm,25578440417720,22146,0,0,0,0,-1,-1,22.15
2306,clone_vm,25578440440557,19354,0,0,0,0,-1,-1,19.35
2307,clone_vm,25578440460484,18962,0,0,0,0,-1,-1,18.96
2308,clone_vm,25578440480020,23239,0,0,0,0,-1,-1,23.24
2309,clone_vm,25578440503832,19318,0,0,0,0,-1,-1,19.32
2310,clone_vm,25578440523736,18554,0,0,0,0,-1,-1,18.55
2311,clone_vm,25578440542841,26915,0,0,0,0,-1,-1,26.91
2312,clone_vm,25578440570399,18506,0,0,0,0,-1,-1,18.51
2313,clone_vm,25578440589597,19801,0,0,0,0,-1,-1,19.80
2314,clone_vm,25578440610015,21600,0,0,0,0,-1,-1,21.60
2315,clone_vm,25578440632196,19005,0,0,0,0,-1,-1,19.00
2316,clone_vm,25578440651800,18621,0,0,0,0,-1,-1,18.62
2317,clone_vm,25578440671014,21898,0,0,0,0,-1,-1,21.90
2318,clone_vm,25578440693517,18585,0,0,0,0,-1,-1,18.59
2319,clone_vm,25578440712661,18565,0,0,0,0,-1,-1,18.57
2320,clone_vm,25578440731771,22687,0,0,0,0,-1,-1,22.69
2321,clone_vm,25578440755026,18380,0,0,0,0,-1,-1,18.38
2322,clone_vm,25578440773960,18821,0,0,0,0,-1,-1,18.82
2323,clone_vm,25578440793377,21606,0,0,0,0,-1,-1,21.61
2324,clone_vm,25578440815654,20149,0,0,0,0,-1,-1,20.15
2325,clone_vm,25578440836405,18679,0,0,0,0,-1,-1,18.68
2326,clone_vm,25578440855646,22584,0,0,0,0,-1,-1,22.58
2327,clone_vm,25578440878902,18764,0,0,0,0,-1,-1,18.76
2328,clone_vm,25578440898207,18642,0,0,0,0,-1,-1,18.64
2329,clone_vm,25578440917399,22156,0,0,0,0,-1,-1,22.16
2330,clone_vm,25578440940261,18696,0,0,0,0,-1,-1,18.70
2331,clone_vm,25578440959502,18524,0,0,0,0,-1,-1,18.52
2332,clone_vm,25578440978586,27213,0,0,0,0,-1,-1,27.21
2333,clone_vm,25578441006650,20315,0,0,0,0,-1,-1,20.32
2334,clone_vm,25578441027607,20081,0,0,0,0,-1,-1,20.08
2335,clone_vm,25578441048297,21861,0,0,0,0,-1,-1,21.86
2336,clone_vm,25578441070744,18942,0,0,0,0,-1,-1,18.94
2337,clone_vm,25578441090253,19105,0,0,0,0,-1,-1,19.11
2338,clone_vm,25578441109982,22270,0,0,0,0,-1,-1,22.27
2339,clone_vm,25578441132824,24184,0,0,0,0,-1,-1,24.18
2340,clone_vm,25578441157612,18883,0,0,0,0,-1,-1,18.88
2341,clone_vm,25578441177141,21663,0,0,0,0,-1,-1,21.66
2342,clone_vm,25578441199401,18433,0,0,0,0,-1,-1,18.43
2343,clone_vm,25578441218403,18779,0,0,0,0,-1,-1,18.78
2344,clone_vm,25578441237739,22014,0,0,0,0,-1,-1,22.01
2345,clone_vm,25578441260360,19240,0,0,0,0,-1,-1,19.24
2346,clone_vm,25578441280260,18104,0,0,0,0,-1,-1,18.10
2347,clone_vm,25578441298955,23097,0,0,0,0,-1,-1,23.10
2348,clone_vm,25578441322659,19665,0,0,0,0,-1,-1,19.66
2349,clone_vm,25578441343002,18164,0,0,0,0,-1,-1,18.16
2350,clone_vm,25578441361727,22940,0,0,0,0,-1,-1,22.94
2351,clone_vm,25578441385259,18841,0,0,0,0,-1,-1,18.84
2352,clone_vm,25578441404673,18497,0,0,0,0,-1,-1,18.50
2353,clone_vm,25578441423742,21937,0,0,0,0,-1,-1,21.94
2354,clone_vm,25578441446247,18142,0,0,0,0,-1,-1,18.14
2355,clone_vm,25578441464977,20154,0,0,0,0,-1,-1,20.15
2356,clone_vm,25578441485730,24742,0,0,0,0,-1,-1,24.74
2357,clone_vm,25578441511037,24417,0,0,0,0,-1,-1,24.42
2358,clone_vm,25578441536500,22736,0,0,0,0,-1,-1,22.74
2359,clone_vm,25578441559884,23657,0,0,0,0,-1,-1,23.66
2360,clone_vm,25578441584138,19522,0,0,0,0,-1,-1,19.52
2361,clone_vm,25578441604238,18687,0,0,0,0,-1,-1,18.69
2362,clone_vm,25578441623499,21738,0,0,0,0,-1,-1,21.74
2363,clone_vm,25578441645823,19049,0,0,0,0,-1,-1,19.05
2364,clone_vm,25578441665468,18302,0,0,0,0,-1,-1,18.30
2365,clone_vm,25578441684428,23353,0,0,0,0,-1,-1,23.35
2366,clone_vm,25578441708343,20553,0,0,0,0,-1,-1,20.55
2367,clone_vm,25578441729808,41254,0,0,0,0,-1,-1,41.25
2368,clone_vm,25578441771853,23859,0,0,0,0,-1,-1,23.86
2369,clone_vm,25578441796300,18199,0,0,0,0,-1,-1,18.20
2370,clone_vm,25578441815070,18413,0,0,0,0,-1,-1,18.41
2371,clone_vm,25578441834074,22891,0,0,0,0,-1,-1,22.89
2372,clone_vm,25578441857573,19448,0,0,0,0,-1,-1,19.45
2373,clone_vm,25578441877720,19461,0,0,0,0,-1,-1,19.46
2374,clone_vm,25578441897844,23369,0,0,0,0,-1,-1,23.37
2375,clone_vm,25578441922131,19565,0,0,0,0,-1,-1,19.57
2376,clone_vm,25578441942515,28448,0,0,0,0,-1,-1,28.45
2377,clone_vm,25578441980325,32305,0,0,0,0,-1,-1,32.30
2378,clone_vm,25578442013832,20486,0,0,0,0,-1,-1,20.49
2379,clone_vm,25578442035067,21969,0,0,0,0,-1,-1,21.97
2380,clone_vm,25578442057718,24415,0,0,0,0,-1,-1,24.41
2381,clone_vm,25578442082818,18429,0,0,0,0,-1,-1,18.43
2382,clone_vm,25578442101808,18082,0,0,0,0,-1,-1,18.08
2383,clone_vm,25578442120475,21738,0,0,0,0,-1,-1,21.74
2384,clone_vm,25578442142924,18627,0,0,0,0,-1,-1,18.63
2385,clone_vm,25578442162131,17951,0,0,0,0,-1,-1,17.95
2386,clone_vm,25578442180645,23228,0,0,0,0,-1,-1,23.23
2387,clone_vm,25578442204443,20764,0,0,0,0,-1,-1,20.76
2388,clone_vm,25578442225794,18064,0,0,0,0,-1,-1,18.06
2389,clone_vm,25578442244446,34624,0,0,0,0,-1,-1,34.62
2390,clone_vm,25578442279800,21729,0,0,0,0,-1,-1,21.73
2391,clone_vm,25578442302157,25978,0,0,0,0,-1,-1,25.98
2392,clone_vm,25578442328871,22947,0,0,0,0,-1,-1,22.95
2393,clone_vm,25578442352516,18149,0,0,0,0,-1,-1,18.15
2394,clone_vm,25578442371272,18815,0,0,0,0,-1,-1,18.82
2395,clone_vm,25578442390683,26915,0,0,0,0,-1,-1,26.91
2396,clone_vm,25578442418325,18896,0,0,0,0,-1,-1,18.90
2397,clone_vm,25578442437913,19826,0,0,0,0,-1,-1,19.83
2398,clone_vm,25578442458459,53460,0,0,0,0,-1,-1,53.46
2399,clone_vm,25578442513123,22423,0,0,0,0,-1,-1,22.42
2400,clone_vm,25578442536332,18855,0,0,0,0,-1,-1,18.86
2401,clone_vm,25578442555891,23854,0,0,0,0,-1,-1,23.85
2402,clone_vm,25578442580512,18835,0,0,0,0,-1,-1,18.84
2403,clone_vm,25578442600013,23691,0,0,0,0,-1,-1,23.69
2404,clone_vm,25578442624286,23860,0,0,0,0,-1,-1,23.86
2405,clone_vm,25578442648999,18949,0,0,0,0,-1,-1,18.95
2406,clone_vm,25578442668539,28558,0,0,0,0,-1,-1,28.56
2407,clone_vm,25578442697670,29709,0,0,0,0,-1,-1,29.71
2408,clone_vm,25578442728048,20960,0,0,0,0,-1,-1,20.96
2409,clone_vm,25578442749678,20306,0,0,0,0,-1,-1,20.31
2410,clone_vm,25578442770575,21810,0,0,0,0,-1,-1,21.81
2411,clone_vm,25578442793202,20157,0,0,0,0,-1,-1,20.16
2412,clone_vm,25578442813959,18466,0,0,0,0,-1,-1,18.47
2413,clone_vm,25578442833169,23030,0,0,0,0,-1,-1,23.03
2414,clone_vm,25578442856900,20089,0,0,0,0,-1,-1,20.09
2415,clone_vm,25578442877583,21948,0,0,0,0,-1,-1,21.95
2416,clone_vm,25578442900124,22293,0,0,0,0,-1,-1,22.29
2417,clone_vm,25578442923074,20914,0,0,0,0,-1,-1,20.91
2418,clone_vm,25578442944623,26849,0,0,0,0,-1,-1,26.85
2419,clone_vm,25578442972199,128967,0,0,0,0,-1,-1,128.97
2420,clone_vm,25578443102698,30323,0,0,0,0,-1,-1,30.32
2421,clone_vm,25578443133822,20216,0,0,0,0,-1,-1,20.22
2422,clone_vm,25578443154635,23634,0,0,0,0,-1,-1,23.63
2423,clone_vm,25578443178868,21852,0,0,0,0,-1,-1,21.85
2424,clone_vm,25578443201461,21545,0,0,0,0,-1,-1,21.55
2425,clone_vm,25578443223767,21785,0,0,0,0,-1,-1,21.79
2426,clone_vm,25578443246408,20963,0,0,0,0,-1,-1,20.96
2427,clone_vm,25578443267960,23633,0,0,0,0,-1,-1,23.63
2428,clone_vm,25578443292214,23371,0,0,0,0,-1,-1,23.37
2429,clone_vm,25578443316204,23513,0,0,0,0,-1,-1,23.51
2430,clone_vm,25578443340410,22639,0,0,0,0,-1,-1,22.64
2431,clone_vm,25578443363637,22267,0,0,0,0,-1,-1,22.27
2432,clone_vm,25578443386601,21824,0,0,0,0,-1,-1,21.82
2433,clone_vm,25578443409113,23194,0,0,0,0,-1,-1,23.19
2434,clone_vm,25578443432886,22204,0,0,0,0,-1,-1,22.20
2435,clone_vm,25578443455681,25495,0,0,0,0,-1,-1,25.50
2436,clone_vm,25578443481797,21399,0,0,0,0,-1,-1,21.40
2437,clone_vm,25578443503901,21369,0,0,0,0,-1,-1,21.37
2438,clone_vm,25578443525887,22857,0,0,0,0,-1,-1,22.86
2439,clone_vm,25578443549422,22507,0,0,0,0,-1,-1,22.51
2440,clone_vm,25578443572612,20804,0,0,0,0,-1,-1,20.80
2441,clone_vm,25578443594075,22988,0,0,0,0,-1,-1,22.99
2442,clone_vm,25578443617660,23811,0,0,0,0,-1,-1,23.81
2443,clone_vm,25578443642056,23747,0,0,0,0,-1,-1,23.75
2444,clone_vm,25578443666387,22345,0,0,0,0,-1,-1,22.34
2445,clone_vm,25578443689326,21680,0,0,0,0,-1,-1,21.68
2446,clone_vm,25578443711576,21253,0,0,0,0,-1,-1,21.25
2447,clone_vm,25578443733603,22068,0,0,0,0,-1,-1,22.07
2448,clone_vm,25578443756274,24166,0,0,0,0,-1,-1,24.17
2449,clone_vm,25578443781046,22139,0,0,0,0,-1,-1,22.14
2450,clone_vm,25578443803839,21607,0,0,0,0,-1,-1,21.61
2451,clone_vm,25578443836656,24239,0,0,0,0,-1,-1,24.24
2452,clone_vm,25578443861554,21670,0,0,0,0,-1,-1,21.67
2453,clone_vm,25578443883867,21597,0,0,0,0,-1,-1,21.60
2454,clone_vm,25578443906078,21600,0,0,0,0,-1,-1,21.60
2455,clone_vm,25578443928289,21298,0,0,0,0,-1,-1,21.30
2456,clone_vm,25578443950186,24659,0,0,0,0,-1,-1,24.66
2457,clone_vm,25578443975432,22351,0,0,0,0,-1,-1,22.35
2458,clone_vm,25578443998407,32468,0,0,0,0,-1,-1,32.47
2459,clone_vm,25578444032122,27166,0,0,0,0,-1,-1,27.17
2460,clone_vm,25578444059880,23139,0,0,0,0,-1,-1,23.14
2461,clone_vm,25578444083651,22786,0,0,0,0,-1,-1,22.79
2462,clone_vm,25578444107211,22382,0,0,0,0,-1,-1,22.38
2463,clone_vm,25578444130285,22902,0,0,0,0,-1,-1,22.90
2464,clone_vm,25578444153793,22158,0,0,0,0,-1,-1,22.16
2465,clone_vm,25578444176684,22198,0,0,0,0,-1,-1,22.20
2466,clone_vm,25578444199748,21748,0,0,0,0,-1,-1,21.75
2467,clone_vm,25578444222215,26829,0,0,0,0,-1,-1,26.83
2468,clone_vm,25578444249621,21822,0,0,0,0,-1,-1,21.82
2469,clone_vm,25578444272107,22220,0,0,0,0,-1,-1,22.22
2470,clone_vm,25578444294980,21808,0,0,0,0,-1,-1,21.81
2471,clone_vm,25578444317385,22626,0,0,0,0,-1,-1,22.63
2472,clone_vm,25578444340609,21032,0,0,0,0,-1,-1,21.03
2473,clone_vm,25578444362305,22272,0,0,0,0,-1,-1,22.27
2474,clone_vm,25578444385174,21999,0,0,0,0,-1,-1,22.00
2475,clone_vm,25578444407847,22218,0,0,0,0,-1,-1,22.22
2476,clone_vm,25578444430646,22102,0,0,0,0,-1,-1,22.10
2477,clone_vm,25578444453486,23301,0,0,0,0,-1,-1,23.30
2478,clone_vm,25578444477377,23225,0,0,0,0,-1,-1,23.23
2479,clone_vm,25578444501277,22370,0,0,0,0,-1,-1,22.37
2480,clone_vm,25578444524225,21200,0,0,0,0,-1,-1,21.20
2481,clone_vm,25578444546036,21196,0,0,0,0,-1,-1,21.20
2482,clone_vm,25578444567976,21483,0,0,0,0,-1,-1,21.48
2483,clone_vm,25578444590129,27746,0,0,0,0,-1,-1,27.75
2484,clone_vm,25578444618482,22230,0,0,0,0,-1,-1,22.23
2485,clone_vm,25578444641315,21549,0,0,0,0,-1,-1,21.55
2486,clone_vm,25578444663462,22250,0,0,0,0,-1,-1,22.25
2487,clone_vm,25578444686440,22671,0,0,0,0,-1,-1,22.67
2488,clone_vm,25578444709700,21878,0,0,0,0,-1,-1,21.88
2489,clone_vm,25578444732172,21838,0,0,0,0,-1,-1,21.84
2490,clone_vm,25578444754580,20701,0,0,0,0,-1,-1,20.70
2491,clone_vm,25578444776175,21831,0,0,0,0,-1,-1,21.83
2492,clone_vm,25578444798758,21035,0,0,0,0,-1,-1,21.04
2493,clone_vm,25578444820771,23422,0,0,0,0,-1,-1,23.42
2494,clone_vm,25578444844774,21071,0,0,0,0,-1,-1,21.07
2495,clone_vm,25578444866471,22150,0,0,0,0,-1,-1,22.15
2496,clone_vm,25578444889239,21447,0,0,0,0,-1,-1,21.45
2497,clone_vm,25578444911282,21913,0,0,0,0,-1,-1,21.91
2498,clone_vm,25578444933797,20708,0,0,0,0,-1,-1,20.71
2499,clone_vm,25578444955243,22422,0,0,0,0,-1,-1,22.42
2500,clone_vm,25578444978378,20601,0,0,0,0,-1,-1,20.60
2501,clone_vm,25578444999593,28536,0,0,0,0,-1,-1,28.54
2502,clone_vm,25578445029025,24633,0,0,0,0,-1,-1,24.63
2503,clone_vm,25578445054503,22512,0,0,0,0,-1,-1,22.51
2504,clone_vm,25578445078003,22270,0,0,0,0,-1,-1,22.27
2505,clone_vm,25578445100886,21366,0,0,0,0,-1,-1,21.37
2506,clone_vm,25578445122958,21220,0,0,0,0,-1,-1,21.22
2507,clone_vm,25578445144978,22679,0,0,0,0,-1,-1,22.68
2508,clone_vm,25578445168226,21439,0,0,0,0,-1,-1,21.44
2509,clone_vm,25578445190274,21955,0,0,0,0,-1,-1,21.95
2510,clone_vm,25578445212902,21867,0,0,0,0,-1,-1,21.87
2511,clone_vm,25578445235469,21226,0,0,0,0,-1,-1,21.23
2512,clone_vm,25578445257289,21920,0,0,0,0,-1,-1,21.92
2513,clone_vm,25578445279839,22291,0,0,0,0,-1,-1,22.29
2514,clone_vm,25578445302801,36069,0,0,0,0,-1,-1,36.07
2515,clone_vm,25578445339478,21745,0,0,0,0,-1,-1,21.75
2516,clone_vm,25578445361911,21517,0,0,0,0,-1,-1,21.52
2517,clone_vm,25578445384023,22152,0,0,0,0,-1,-1,22.15
2518,clone_vm,25578445406788,21663,0,0,0,0,-1,-1,21.66
2519,clone_vm,25578445429036,22518,0,0,0,0,-1,-1,22.52
2520,clone_vm,25578445452226,21236,0,0,0,0,-1,-1,21.24
2521,clone_vm,25578445474051,22804,0,0,0,0,-1,-1,22.80
2522,clone_vm,25578445497447,23777,0,0,0,0,-1,-1,23.78
2523,clone_vm,25578445521884,20655,0,0,0,0,-1,-1,20.66
2524,clone_vm,25578445543148,20567,0,0,0,0,-1,-1,20.57
2525,clone_vm,25578445573138,26287,0,0,0,0,-1,-1,26.29
2526,clone_vm,25578445600308,21588,0,0,0,0,-1,-1,21.59
2527,clone_vm,25578445622552,20067,0,0,0,0,-1,-1,20.07
2528,clone_vm,25578445643378,23394,0,0,0,0,-1,-1,23.39
2529,clone_vm,25578445667346,20546,0,0,0,0,-1,-1,20.55
2530,clone_vm,25578445688499,20121,0,0,0,0,-1,-1,20.12
2531,clone_vm,25578445709342,30094,0,0,0,0,-1,-1,30.09
2532,clone_vm,25578445740159,20413,0,0,0,0,-1,-1,20.41
2533,clone_vm,25578445761177,20280,0,0,0,0,-1,-1,20.28
2534,clone_vm,25578445782046,23992,0,0,0,0,-1,-1,23.99
2535,clone_vm,25578445806620,20525,0,0,0,0,-1,-1,20.52
2536,clone_vm,25578445827758,20098,0,0,0,0,-1,-1,20.10
2537,clone_vm,25578445848467,24463,0,0,0,0,-1,-1,24.46
2538,clone_vm,25578445873519,20107,0,0,0,0,-1,-1,20.11
2539,clone_vm,25578445894261,21396,0,0,0,0,-1,-1,21.40
2540,clone_vm,25578445916352,23775,0,0,0,0,-1,-1,23.77
2541,clone_vm,25578445940713,20927,0,0,0,0,-1,-1,20.93
2542,clone_vm,25578445962322,20989,0,0,0,0,-1,-1,20.99
2543,clone_vm,25578445983898,29729,0,0,0,0,-1,-1,29.73
2544,clone_vm,25578446014482,48321,0,0,0,0,-1,-1,48.32
2545,clone_vm,25578446066459,30936,0,0,0,0,-1,-1,30.94
2546,clone_vm,25578446098593,20764,0,0,0,0,-1,-1,20.76
2547,clone_vm,25578446120068,26427,0,0,0,0,-1,-1,26.43
2548,clone_vm,25578446147272,21150,0,0,0,0,-1,-1,21.15
2549,clone_vm,25578446169152,19866,0,0,0,0,-1,-1,19.87
2550,clone_vm,25578446189653,21370,0,0,0,0,-1,-1,21.37
2551,clone_vm,25578446211667,19823,0,0,0,0,-1,-1,19.82
2552,clone_vm,25578446232120,20229,0,0,0,0,-1,-1,20.23
2553,clone_vm,25578446252966,18552,0,0,0,0,-1,-1,18.55
2554,clone_vm,25578446272135,23549,0,0,0,0,-1,-1,23.55
2555,clone_vm,25578446296316,18598,0,0,0,0,-1,-1,18.60
2556,clone_vm,25578446315548,18802,0,0,0,0,-1,-1,18.80
2557,clone_vm,25578446334939,22079,0,0,0,0,-1,-1,22.08
2558,clone_vm,25578446357689,18853,0,0,0,0,-1,-1,18.85
2559,clone_vm,25578446377135,18699,0,0,0,0,-1,-1,18.70
2560,clone_vm,25578446396451,22136,0,0,0,0,-1,-1,22.14
2561,clone_vm,25578446419218,18153,0,0,0,0,-1,-1,18.15
2562,clone_vm,25578446437962,18249,0,0,0,0,-1,-1,18.25
2563,clone_vm,25578446456801,26353,0,0,0,0,-1,-1,26.35
2564,clone_vm,25578446483747,20025,0,0,0,0,-1,-1,20.02
2565,clone_vm,25578446504414,19313,0,0,0,0,-1,-1,19.31
2566,clone_vm,25578446524366,22817,0,0,0,0,-1,-1,22.82
2567,clone_vm,25578446547784,37469,0,0,0,0,-1,-1,37.47
2568,clone_vm,25578446585853,21483,0,0,0,0,-1,-1,21.48
2569,clone_vm,25578446607962,22978,0,0,0,0,-1,-1,22.98
2570,clone_vm,25578446631543,23021,0,0,0,0,-1,-1,23.02
2571,clone_vm,25578446655206,19238,0,0,0,0,-1,-1,19.24
2572,clone_vm,25578446675027,23080,0,0,0,0,-1,-1,23.08
2573,clone_vm,25578446698736,18868,0,0,0,0,-1,-1,18.87
2574,clone_vm,25578446718208,18632,0,0,0,0,-1,-1,18.63
2575,clone_vm,25578446737420,21353,0,0,0,0,-1,-1,21.35
2576,clone_vm,25578446759367,18917,0,0,0,0,-1,-1,18.92
2577,clone_vm,25578446778877,18359,0,0,0,0,-1,-1,18.36
2578,clone_vm,25578446797810,20558,0,0,0,0,-1,-1,20.56
2579,clone_vm,25578446819012,26125,0,0,0,0,-1,-1,26.12
2580,clone_vm,25578446845810,18441,0,0,0,0,-1,-1,18.44
2581,clone_vm,25578446864856,22547,0,0,0,0,-1,-1,22.55
2582,clone_vm,25578446888002,18742,0,0,0,0,-1,-1,18.74
2583,clone_vm,25578446907336,17952,0,0,0,0,-1,-1,17.95
2584,clone_vm,25578446925868,21410,0,0,0,0,-1,-1,21.41
2585,clone_vm,25578446947946,18299,0,0,0,0,-1,-1,18.30
2586,clone_vm,25578446966845,18854,0,0,0,0,-1,-1,18.85
2587,clone_vm,25578446986294,27094,0,0,0,0,-1,-1,27.09
2588,clone_vm,25578447014064,19805,0,0,0,0,-1,-1,19.80
2589,clone_vm,25578447034506,19159,0,0,0,0,-1,-1,19.16
2590,clone_vm,25578447054278,21734,0,0,0,0,-1,-1,21.73
2591,clone_vm,25578447076600,18680,0,0,0,0,-1,-1,18.68
2592,clone_vm,25578447095865,19167,0,0,0,0,-1,-1,19.17
2593,clone_vm,25578447115611,22462,0,0,0,0,-1,-1,22.46
2594,clone_vm,25578447138715,18360,0,0,0,0,-1,-1,18.36
2595,clone_vm,25578447157703,22071,0,0,0,0,-1,-1,22.07
2596,clone_vm,25578447180421,22453,0,0,0,0,-1,-1,22.45
2597,clone_vm,25578447203458,18612,0,0,0,0,-1,-1,18.61
2598,clone_vm,25578447222705,21573,0,0,0,0,-1,-1,21.57
2599,clone_vm,25578447244896,20912,0,0,0,0,-1,-1,20.91
2600,clone_vm,25578447282299,22378,0,0,0,0,-1,-1,22.38
2601,clone_vm,25578447305406,23890,0,0,0,0,-1,-1,23.89
2602,clone_vm,25578447329940,22287,0,0,0,0,-1,-1,22.29
2603,clone_vm,25578447352864,18508,0,0,0,0,-1,-1,18.51
2604,clone_vm,25578447372012,18481,0,0,0,0,-1,-1,18.48
2605,clone_vm,25578447391120,21584,0,0,0,0,-1,-1,21.58
2606,clone_vm,25578447413359,19055,0,0,0,0,-1,-1,19.05
2607,clone_vm,25578447433052,18369,0,0,0,0,-1,-1,18.37
2608,clone_vm,25578447452061,21725,0,0,0,0,-1,-1,21.73
2609,clone_vm,25578447474423,19006,0,0,0,0,-1,-1,19.01
2610,clone_vm,25578447494074,33981,0,0,0,0,-1,-1,33.98
2611,clone_vm,25578447528682,21794,0,0,0,0,-1,-1,21.79
2612,clone_vm,25578447551078,19338,0,0,0,0,-1,-1,19.34
2613,clone_vm,25578447571005,18586,0,0,0,0,-1,-1,18.59
2614,clone_vm,25578447590176,22123,0,0,0,0,-1,-1,22.12
2615,clone_vm,25578447612914,18479,0,0,0,0,-1,-1,18.48
2616,clone_vm,25578447631966,18677,0,0,0,0,-1,-1,18.68
2617,clone_vm,25578447651236,22624,0,0,0,0,-1,-1,22.62
2618,clone_vm,25578447674427,18655,0,0,0,0,-1,-1,18.66
2619,clone_vm,25578447693656,18828,0,0,0,0,-1,-1,18.83
2620,clone_vm,25578447713087,21441,0,0,0,0,-1,-1,21.44
2621,clone_vm,25578447735163,18303,0,0,0,0,-1,-1,18.30
2622,clone_vm,25578447754099,18599,0,0,0,0,-1,-1,18.60
2623,clone_vm,25578447773311,21533,0,0,0,0,-1,-1,21.53
2624,clone_vm,25578447795456,18796,0,0,0,0,-1,-1,18.80
2625,clone_vm,25578447814852,18946,0,0,0,0,-1,-1,18.95
2626,clone_vm,25578447834408,26588,0,0,0,0,-1,-1,26.59
2627,clone_vm,25578447861619,20919,0,0,0,0,-1,-1,20.92
2628,clone_vm,25578447883162,18298,0,0,0,0,-1,-1,18.30
2629,clone_vm,25578447902071,22351,0,0,0,0,-1,-1,22.35
2630,clone_vm,25578447925068,18491,0,0,0,0,-1,-1,18.49
2631,clone_vm,25578447944148,19345,0,0,0,0,-1,-1,19.34
2632,clone_vm,25578447964080,23755,0,0,0,0,-1,-1,23.75
2633,clone_vm,25578447988435,25044,0,0,0,0,-1,-1,25.04
2634,clone_vm,25578448014181,30435,0,0,0,0,-1,-1,30.43
2635,clone_vm,25578448045269,22625,0,0,0,0,-1,-1,22.62
2636,clone_vm,25578448068486,19191,0,0,0,0,-1,-1,19.19
2637,clone_vm,25578448088243,19021,0,0,0,0,-1,-1,19.02
2638,clone_vm,25578448107866,21935,0,0,0,0,-1,-1,21.93
2639,clone_vm,25578448130394,19390,0,0,0,0,-1,-1,19.39
2640,clone_vm,25578448150359,18819,0,0,0,0,-1,-1,18.82
2641,clone_vm,25578448169758,22624,0,0,0,0,-1,-1,22.62
2642,clone_vm,25578448193090,18850,0,0,0,0,-1,-1,18.85
2643,clone_vm,25578448212517,18937,0,0,0,0,-1,-1,18.94
2644,clone_vm,25578448232053,21820,0,0,0,0,-1,-1,21.82
2645,clone_vm,25578448254450,19654,0,0,0,0,-1,-1,19.65
2646,clone_vm,25578448274662,19450,0,0,0,0,-1,-1,19.45
2647,clone_vm,25578448294704,21435,0,0,0,0,-1,-1,21.43
2648,clone_vm,25578448316735,18986,0,0,0,0,-1,-1,18.99
2649,clone_vm,25578448336302,18667,0,0,0,0,-1,-1,18.67
2650,clone_vm,25578448355536,22283,0,0,0,0,-1,-1,22.28
2651,clone_vm,25578448378388,18914,0,0,0,0,-1,-1,18.91
2652,clone_vm,25578448397913,18373,0,0,0,0,-1,-1,18.37
2653,clone_vm,25578448416866,21897,0,0,0,0,-1,-1,21.90
2654,clone_vm,25578448439361,22307,0,0,0,0,-1,-1,22.31
2655,clone_vm,25578448462259,18104,0,0,0,0,-1,-1,18.10
2656,clone_vm,25578448480929,22605,0,0,0,0,-1,-1,22.61
2657,clone_vm,25578448504118,19216,0,0,0,0,-1,-1,19.22
2658,clone_vm,25578448523899,18885,0,0,0,0,-1,-1,18.89
2659,clone_vm,25578448543364,25068,0,0,0,0,-1,-1,25.07
2660,clone_vm,25578448569005,19416,0,0,0,0,-1,-1,19.42
2661,clone_vm,25578448589123,19522,0,0,0,0,-1,-1,19.52
2662,clone_vm,25578448609220,21933,0,0,0,0,-1,-1,21.93
2663,clone_vm,25578448631721,18893,0,0,0,0,-1,-1,18.89
2664,clone_vm,25578448651188,18877,0,0,0,0,-1,-1,18.88
2665,clone_vm,25578448670653,21979,0,0,0,0,-1,-1,21.98
2666,clone_vm,25578448693198,18681,0,0,0,0,-1,-1,18.68
2667,clone_vm,25578448712460,18754,0,0,0,0,-1,-1,18.75
2668,clone_vm,25578448731788,22713,0,0,0,0,-1,-1,22.71
2669,clone_vm,25578448755103,18513,0,0,0,0,-1,-1,18.51
2670,clone_vm,25578448774205,18658,0,0,0,0,-1,-1,18.66
2671,clone_vm,25578448793430,21627,0,0,0,0,-1,-1,21.63
2672,clone_vm,25578448815628,19075,0,0,0,0,-1,-1,19.07
2673,clone_vm,25578448835284,49995,0,0,0,0,-1,-1,49.99
2674,clone_vm,25578448895055,24893,0,0,0,0,-1,-1,24.89
2675,clone_vm,25578448920731,20676,0,0,0,0,-1,-1,20.68
2676,clone_vm,25578448942040,21308,0,0,0,0,-1,-1,21.31
2677,clone_vm,25578448963999,22668,0,0,0,0,-1,-1,22.67
2678,clone_vm,25578448987485,23945,0,0,0,0,-1,-1,23.95
2679,clone_vm,25578449012116,19870,0,0,0,0,-1,-1,19.87
2680,clone_vm,25578449032611,22045,0,0,0,0,-1,-1,22.05
2681,clone_vm,25578449055288,18655,0,0,0,0,-1,-1,18.66
2682,clone_vm,25578449074559,22095,0,0,0,0,-1,-1,22.09
2683,clone_vm,25578449097274,22550,0,0,0,0,-1,-1,22.55
2684,clone_vm,25578449120422,18818,0,0,0,0,-1,-1,18.82
2685,clone_vm,25578449139858,19033,0,0,0,0,-1,-1,19.03
2686,clone_vm,25578449159525,23737,0,0,0,0,-1,-1,23.74
2687,clone_vm,25578449183892,18429,0,0,0,0,-1,-1,18.43
2688,clone_vm,25578449202918,18656,0,0,0,0,-1,-1,18.66
2689,clone_vm,25578449222191,27663,0,0,0,0,-1,-1,27.66
2690,clone_vm,25578449250448,18673,0,0,0,0,-1,-1,18.67
2691,clone_vm,25578449269738,18614,0,0,0,0,-1,-1,18.61
2692,clone_vm,25578449288955,21945,0,0,0,0,-1,-1,21.95
2693,clone_vm,25578449311493,18367,0,0,0,0,-1,-1,18.37
2694,clone_vm,25578449330470,18501,0,0,0,0,-1,-1,18.50
2695,clone_vm,25578449349626,21746,0,0,0,0,-1,-1,21.75
2696,clone_vm,25578449371965,19961,0,0,0,0,-1,-1,19.96
2697,clone_vm,25578449392518,18977,0,0,0,0,-1,-1,18.98
2698,clone_vm,25578449412089,21755,0,0,0,0,-1,-1,21.75
2699,clone_vm,25578449434455,18493,0,0,0,0,-1,-1,18.49
2700,clone_vm,25578449453550,18938,0,0,0,0,-1,-1,18.94
2701,clone_vm,25578449473063,22073,0,0,0,0,-1,-1,22.07
2702,clone_vm,25578449495744,19137,0,0,0,0,-1,-1,19.14
2703,clone_vm,25578449515532,18850,0,0,0,0,-1,-1,18.85
2704,clone_vm,25578449534997,21877,0,0,0,0,-1,-1,21.88
2705,clone_vm,25578449557501,18759,0,0,0,0,-1,-1,18.76
2706,clone_vm,25578449576866,20062,0,0,0,0,-1,-1,20.06
2707,clone_vm,25578449597556,22022,0,0,0,0,-1,-1,22.02
2708,clone_vm,25578449620155,18454,0,0,0,0,-1,-1,18.45
2709,clone_vm,25578449639213,18829,0,0,0,0,-1,-1,18.83
2710,clone_vm,25578449658635,25748,0,0,0,0,-1,-1,25.75
2711,clone_vm,25578449684974,18387,0,0,0,0,-1,-1,18.39
2712,clone_vm,25578449703951,18537,0,0,0,0,-1,-1,18.54
2713,clone_vm,25578449723095,21846,0,0,0,0,-1,-1,21.85
2714,clone_vm,25578449745526,18264,0,0,0,0,-1,-1,18.26
2715,clone_vm,25578449764387,18646,0,0,0,0,-1,-1,18.65
2716,clone_vm,25578449783623,22154,0,0,0,0,-1,-1,22.15
2717,clone_vm,25578449806394,19404,0,0,0,0,-1,-1,19.40
2718,clone_vm,25578449826437,19598,0,0,0,0,-1,-1,19.60
2719,clone_vm,25578449846636,21447,0,0,0,0,-1,-1,21.45
2720,clone_vm,25578449868732,18417,0,0,0,0,-1,-1,18.42
2721,clone_vm,25578449887745,22211,0,0,0,0,-1,-1,22.21
2722,clone_vm,25578449910585,22152,0,0,0,0,-1,-1,22.15
2723,clone_vm,25578449933711,20593,0,0,0,0,-1,-1,20.59
2724,clone_vm,25578449954897,18554,0,0,0,0,-1,-1,18.55
2725,clone_vm,25578449974002,21798,0,0,0,0,-1,-1,21.80
2726,clone_vm,25578449996412,24714,0,0,0,0,-1,-1,24.71
2727,clone_vm,25578450021802,21469,0,0,0,0,-1,-1,21.47
2728,clone_vm,25578450043985,22865,0,0,0,0,-1,-1,22.86
2729,clone_vm,25578450067467,18557,0,0,0,0,-1,-1,18.56
2730,clone_vm,25578450086619,18351,0,0,0,0,-1,-1,18.35
2731,clone_vm,25578450105569,21763,0,0,0,0,-1,-1,21.76
2732,clone_vm,25578450127929,18842,0,0,0,0,-1,-1,18.84
2733,clone_vm,25578450147362,18802,0,0,0,0,-1,-1,18.80
2734,clone_vm,25578450166775,22100,0,0,0,0,-1,-1,22.10
2735,clone_vm,25578450189550,18308,0,0,0,0,-1,-1,18.31
2736,clone_vm,25578450208486,20672,0,0,0,0,-1,-1,20.67
2737,clone_vm,25578450229783,22796,0,0,0,0,-1,-1,22.80
2738,clone_vm,25578450253209,23053,0,0,0,0,-1,-1,23.05
2739,clone_vm,25578450276911,18884,0,0,0,0,-1,-1,18.88
2740,clone_vm,25578450296362,21957,0,0,0,0,-1,-1,21.96
2741,clone_vm,25578450319008,18223,0,0,0,0,-1,-1,18.22
2742,clone_vm,25578450337812,19684,0,0,0,0,-1,-1,19.68
2743,clone_vm,25578450358078,22048,0,0,0,0,-1,-1,22.05
2744,clone_vm,25578450380753,18947,0,0,0,0,-1,-1,18.95
2745,clone_vm,25578450400282,18325,0,0,0,0,-1,-1,18.32
2746,clone_vm,25578450419180,21761,0,0,0,0,-1,-1,21.76
2747,clone_vm,25578450441545,19468,0,0,0,0,-1,-1,19.47
2748,clone_vm,25578450461628,19387,0,0,0,0,-1,-1,19.39
2749,clone_vm,25578450489586,25215,0,0,0,0,-1,-1,25.21
2750,clone_vm,25578450515486,20470,0,0,0,0,-1,-1,20.47
2751,clone_vm,25578450536622,19108,0,0,0,0,-1,-1,19.11
2752,clone_vm,25578450556368,22590,0,0,0,0,-1,-1,22.59
2753,clone_vm,25578450579692,19719,0,0,0,0,-1,-1,19.72
2754,clone_vm,25578450600019,19666,0,0,0,0,-1,-1,19.67
2755,clone_vm,25578450620390,27334,0,0,0,0,-1,-1,27.33
2756,clone_vm,25578450648330,18454,0,0,0,0,-1,-1,18.45
2757,clone_vm,25578450667366,18897,0,0,0,0,-1,-1,18.90
2758,clone_vm,25578450686852,22358,0,0,0,0,-1,-1,22.36
2759,clone_vm,25578450709774,19458,0,0,0,0,-1,-1,19.46
2760,clone_vm,25578450729807,19196,0,0,0,0,-1,-1,19.20
2761,clone_vm,25578450749694,23679,0,0,0,0,-1,-1,23.68
2762,clone_vm,25578450774094,26185,0,0,0,0,-1,-1,26.18
2763,clone_vm,25578450800867,19706,0,0,0,0,-1,-1,19.71
2764,clone_vm,25578450821196,22696,0,0,0,0,-1,-1,22.70
2765,clone_vm,25578450844483,18534,0,0,0,0,-1,-1,18.53
2766,clone_vm,25578450863598,22630,0,0,0,0,-1,-1,22.63
2767,clone_vm,25578450886838,22296,0,0,0,0,-1,-1,22.30
2768,clone_vm,25578450909698,19178,0,0,0,0,-1,-1,19.18
2769,clone_vm,25578450929428,19119,0,0,0,0,-1,-1,19.12
2770,clone_vm,25578450949178,21742,0,0,0,0,-1,-1,21.74
2771,clone_vm,25578450971542,18573,0,0,0,0,-1,-1,18.57
2772,clone_vm,25578450990703,28562,0,0,0,0,-1,-1,28.56
2773,clone_vm,25578451020112,31070,0,0,0,0,-1,-1,31.07
2774,clone_vm,25578451051998,24513,0,0,0,0,-1,-1,24.51
2775,clone_vm,25578451077115,24688,0,0,0,0,-1,-1,24.69
2776,clone_vm,25578451102394,25576,0,0,0,0,-1,-1,25.58
2777,clone_vm,25578451128550,20095,0,0,0,0,-1,-1,20.09
2778,clone_vm,25578451149367,20306,0,0,0,0,-1,-1,20.31
2779,clone_vm,25578451170275,19287,0,0,0,0,-1,-1,19.29
2780,clone_vm,25578451190185,19770,0,0,0,0,-1,-1,19.77
2781,clone_vm,25578451210539,20796,0,0,0,0,-1,-1,20.80
2782,clone_vm,25578451231919,20372,0,0,0,0,-1,-1,20.37
2783,clone_vm,25578451252887,19520,0,0,0,0,-1,-1,19.52
2784,clone_vm,25578451273005,20948,0,0,0,0,-1,-1,20.95
2785,clone_vm,25578451294564,20477,0,0,0,0,-1,-1,20.48
2786,clone_vm,25578451315764,20223,0,0,0,0,-1,-1,20.22
2787,clone_vm,25578451336605,22772,0,0,0,0,-1,-1,22.77
2788,clone_vm,25578451360083,20792,0,0,0,0,-1,-1,20.79
2789,clone_vm,25578451381501,20243,0,0,0,0,-1,-1,20.24
2790,clone_vm,25578451402316,19358,0,0,0,0,-1,-1,19.36
2791,clone_vm,25578451422275,19347,0,0,0,0,-1,-1,19.35
2792,clone_vm,25578451442214,19523,0,0,0,0,-1,-1,19.52
2793,clone_vm,25578451462316,19576,0,0,0,0,-1,-1,19.58
2794,clone_vm,25578451482477,21200,0,0,0,0,-1,-1,21.20
2795,clone_vm,25578451504292,19689,0,0,0,0,-1,-1,19.69
2796,clone_vm,25578451524571,19511,0,0,0,0,-1,-1,19.51
2797,clone_vm,25578451544677,87595,0,0,0,0,-1,-1,87.59
2798,clone_vm,25578451632897,20967,0,0,0,0,-1,-1,20.97
2799,clone_vm,25578451654498,20063,0,0,0,0,-1,-1,20.06
2800,clone_vm,25578451675176,20214,0,0,0,0,-1,-1,20.21
2801,clone_vm,25578451696160,19959,0,0,0,0,-1,-1,19.96
2802,clone_vm,25578451716719,20188,0,0,0,0,-1,-1,20.19
2803,clone_vm,25578451737504,20167,0,0,0,0,-1,-1,20.17
2804,clone_vm,25578451758457,19268,0,0,0,0,-1,-1,19.27
2805,clone_vm,25578451778322,19468,0,0,0,0,-1,-1,19.47
2806,clone_vm,25578451798374,19681,0,0,0,0,-1,-1,19.68
2807,clone_vm,25578451818648,19980,0,0,0,0,-1,-1,19.98
2808,clone_vm,25578451839328,22760,0,0,0,0,-1,-1,22.76
2809,clone_vm,25578451862675,22670,0,0,0,0,-1,-1,22.67
2810,clone_vm,25578451885922,18896,0,0,0,0,-1,-1,18.90
2811,clone_vm,25578451905395,19182,0,0,0,0,-1,-1,19.18
2812,clone_vm,25578451925375,22795,0,0,0,0,-1,-1,22.80
2813,clone_vm,25578451948831,20116,0,0,0,0,-1,-1,20.12
2814,clone_vm,25578451969612,18726,0,0,0,0,-1,-1,18.73
2815,clone_vm,25578451988925,32180,0,0,0,0,-1,-1,32.18
2816,clone_vm,25578452021717,27166,0,0,0,0,-1,-1,27.17
2817,clone_vm,25578452049497,20145,0,0,0,0,-1,-1,20.14
2818,clone_vm,25578452070311,23330,0,0,0,0,-1,-1,23.33
2819,clone_vm,25578452094358,21523,0,0,0,0,-1,-1,21.52
2820,clone_vm,25578452116487,19604,0,0,0,0,-1,-1,19.60
2821,clone_vm,25578452136684,20667,0,0,0,0,-1,-1,20.67
2822,clone_vm,25578452157953,20376,0,0,0,0,-1,-1,20.38
2823,clone_vm,25578452188933,22452,0,0,0,0,-1,-1,22.45
2824,clone_vm,25578452212169,21168,0,0,0,0,-1,-1,21.17
2825,clone_vm,25578452233972,19953,0,0,0,0,-1,-1,19.95
2826,clone_vm,25578452254499,20766,0,0,0,0,-1,-1,20.77
2827,clone_vm,25578452275858,20298,0,0,0,0,-1,-1,20.30
2828,clone_vm,25578452296767,19794,0,0,0,0,-1,-1,19.79
2829,clone_vm,25578452317155,19992,0,0,0,0,-1,-1,19.99
2830,clone_vm,25578452337720,20256,0,0,0,0,-1,-1,20.26
2831,clone_vm,25578452358600,19718,0,0,0,0,-1,-1,19.72
2832,clone_vm,25578452378904,20716,0,0,0,0,-1,-1,20.72
2833,clone_vm,25578452400223,19631,0,0,0,0,-1,-1,19.63
2834,clone_vm,25578452420457,19328,0,0,0,0,-1,-1,19.33
2835,clone_vm,25578452440351,19765,0,0,0,0,-1,-1,19.77
2836,clone_vm,25578452460682,19219,0,0,0,0,-1,-1,19.22
2837,clone_vm,25578452480487,21199,0,0,0,0,-1,-1,21.20
2838,clone_vm,25578452502299,19492,0,0,0,0,-1,-1,19.49
2839,clone_vm,25578452522388,19969,0,0,0,0,-1,-1,19.97
2840,clone_vm,25578452542960,24122,0,0,0,0,-1,-1,24.12
2841,clone_vm,25578452567692,19928,0,0,0,0,-1,-1,19.93
2842,clone_vm,25578452588218,19415,0,0,0,0,-1,-1,19.41
2843,clone_vm,25578452608255,22390,0,0,0,0,-1,-1,22.39
2844,clone_vm,25578452631274,18947,0,0,0,0,-1,-1,18.95
2845,clone_vm,25578452650838,22045,0,0,0,0,-1,-1,22.05
2846,clone_vm,25578452673508,22600,0,0,0,0,-1,-1,22.60
2847,clone_vm,25578452696745,19501,0,0,0,0,-1,-1,19.50
2848,clone_vm,25578452716866,18679,0,0,0,0,-1,-1,18.68
2849,clone_vm,25578452736156,21061,0,0,0,0,-1,-1,21.06
2850,clone_vm,25578452757857,18912,0,0,0,0,-1,-1,18.91
2851,clone_vm,25578452777408,20640,0,0,0,0,-1,-1,20.64
2852,clone_vm,25578452798659,22062,0,0,0,0,-1,-1,22.06
2853,clone_vm,25578452821330,19004,0,0,0,0,-1,-1,19.00
2854,clone_vm,25578452841116,19014,0,0,0,0,-1,-1,19.01
2855,clone_vm,25578452860762,22167,0,0,0,0,-1,-1,22.17
2856,clone_vm,25578452883827,19573,0,0,0,0,-1,-1,19.57
2857,clone_vm,25578452904108,19778,0,0,0,0,-1,-1,19.78
2858,clone_vm,25578452924494,22746,0,0,0,0,-1,-1,22.75
2859,clone_vm,25578452947875,18881,0,0,0,0,-1,-1,18.88
2860,clone_vm,25578452967385,18327,0,0,0,0,-1,-1,18.33
2861,clone_vm,25578452986322,25924,0,0,0,0,-1,-1,25.92
2862,clone_vm,25578453012962,20126,0,0,0,0,-1,-1,20.13
2863,clone_vm,25578453033747,19268,0,0,0,0,-1,-1,19.27
2864,clone_vm,25578453053857,21468,0,0,0,0,-1,-1,21.47
2865,clone_vm,25578453076063,20532,0,0,0,0,-1,-1,20.53
2866,clone_vm,25578453097192,20161,0,0,0,0,-1,-1,20.16
2867,clone_vm,25578453117951,19945,0,0,0,0,-1,-1,19.95
2868,clone_vm,25578453138586,19513,0,0,0,0,-1,-1,19.51
2869,clone_vm,25578453158958,19812,0,0,0,0,-1,-1,19.81
2870,clone_vm,25578453179346,20867,0,0,0,0,-1,-1,20.87
2871,clone_vm,25578453200815,19593,0,0,0,0,-1,-1,19.59
2872,clone_vm,25578453221011,25015,0,0,0,0,-1,-1,25.02
2873,clone_vm,25578453246788,20001,0,0,0,0,-1,-1,20.00
2874,clone_vm,25578453267542,19884,0,0,0,0,-1,-1,19.88
2875,clone_vm,25578453288131,20000,0,0,0,0,-1,-1,20.00
2876,clone_vm,25578453308912,21968,0,0,0,0,-1,-1,21.97
2877,clone_vm,25578453331536,22611,0,0,0,0,-1,-1,22.61
2878,clone_vm,25578453354913,20916,0,0,0,0,-1,-1,20.92
2879,clone_vm,25578453376687,21151,0,0,0,0,-1,-1,21.15
2880,clone_vm,25578453398579,21078,0,0,0,0,-1,-1,21.08
2881,clone_vm,25578453420309,20327,0,0,0,0,-1,-1,20.33
2882,clone_vm,25578453441207,21093,0,0,0,0,-1,-1,21.09
2883,clone_vm,25578453462893,21144,0,0,0,0,-1,-1,21.14
2884,clone_vm,25578453484653,20790,0,0,0,0,-1,-1,20.79
2885,clone_vm,25578453506040,19865,0,0,0,0,-1,-1,19.86
2886,clone_vm,25578453526665,21287,0,0,0,0,-1,-1,21.29
2887,clone_vm,25578453548556,22649,0,0,0,0,-1,-1,22.65
2888,clone_vm,25578453571779,22924,0,0,0,0,-1,-1,22.92
2889,clone_vm,25578453595509,19980,0,0,0,0,-1,-1,19.98
2890,clone_vm,25578453616083,19794,0,0,0,0,-1,-1,19.79
2891,clone_vm,25578453636560,19784,0,0,0,0,-1,-1,19.78
2892,clone_vm,25578453656939,20564,0,0,0,0,-1,-1,20.56
2893,clone_vm,25578453678098,19762,0,0,0,0,-1,-1,19.76
2894,clone_vm,25578453698544,19586,0,0,0,0,-1,-1,19.59
2895,clone_vm,25578453718802,20069,0,0,0,0,-1,-1,20.07
2896,clone_vm,25578453739487,20165,0,0,0,0,-1,-1,20.16
2897,clone_vm,25578453760234,22574,0,0,0,0,-1,-1,22.57
2898,clone_vm,25578453792037,24347,0,0,0,0,-1,-1,24.35
2899,clone_vm,25578453817095,23333,0,0,0,0,-1,-1,23.33
2900,clone_vm,25578453841055,24373,0,0,0,0,-1,-1,24.37
2901,clone_vm,25578453866055,20021,0,0,0,0,-1,-1,20.02
2902,clone_vm,25578453886707,19894,0,0,0,0,-1,-1,19.89
2903,clone_vm,25578453907207,21748,0,0,0,0,-1,-1,21.75
2904,clone_vm,25578453929542,19392,0,0,0,0,-1,-1,19.39
2905,clone_vm,25578453949512,19216,0,0,0,0,-1,-1,19.22
2906,clone_vm,25578453969413,22723,0,0,0,0,-1,-1,22.72
2907,clone_vm,25578453992714,62372,0,0,0,0,-1,-1,62.37
2908,clone_vm,25578454056008,26338,0,0,0,0,-1,-1,26.34
2909,clone_vm,25578454083288,26136,0,0,0,0,-1,-1,26.14
2910,clone_vm,25578454110201,19889,0,0,0,0,-1,-1,19.89
2911,clone_vm,25578454130695,18453,0,0,0,0,-1,-1,18.45
2912,clone_vm,25578454149725,22682,0,0,0,0,-1,-1,22.68
2913,clone_vm,25578454172999,18348,0,0,0,0,-1,-1,18.35
2914,clone_vm,25578454191956,19791,0,0,0,0,-1,-1,19.79
2915,clone_vm,25578454212349,28856,0,0,0,0,-1,-1,28.86
2916,clone_vm,25578454241813,19188,0,0,0,0,-1,-1,19.19
2917,clone_vm,25578454261589,19133,0,0,0,0,-1,-1,19.13
2918,clone_vm,25578454281336,21885,0,0,0,0,-1,-1,21.89
2919,clone_vm,25578454303914,18063,0,0,0,0,-1,-1,18.06
2920,clone_vm,25578454322573,18698,0,0,0,0,-1,-1,18.70
2921,clone_vm,25578454341860,22309,0,0,0,0,-1,-1,22.31
2922,clone_vm,25578454364769,18952,0,0,0,0,-1,-1,18.95
2923,clone_vm,25578454384323,18698,0,0,0,0,-1,-1,18.70
2924,clone_vm,25578454403589,22242,0,0,0,0,-1,-1,22.24
2925,clone_vm,25578454426414,18397,0,0,0,0,-1,-1,18.40
2926,clone_vm,25578454445414,18737,0,0,0,0,-1,-1,18.74
2927,clone_vm,25578454464760,23855,0,0,0,0,-1,-1,23.86
2928,clone_vm,25578454489220,18698,0,0,0,0,-1,-1,18.70
2929,clone_vm,25578454508632,18642,0,0,0,0,-1,-1,18.64
2930,clone_vm,25578454527848,21471,0,0,0,0,-1,-1,21.47
2931,clone_vm,25578454549931,18751,0,0,0,0,-1,-1,18.75
2932,clone_vm,25578454569385,19000,0,0,0,0,-1,-1,19.00
2933,clone_vm,25578454589107,21742,0,0,0,0,-1,-1,21.74
2934,clone_vm,25578454611560,18587,0,0,0,0,-1,-1,18.59
2935,clone_vm,25578454630914,18141,0,0,0,0,-1,-1,18.14
2936,clone_vm,25578454649673,22246,0,0,0,0,-1,-1,22.25
2937,clone_vm,25578454672597,19417,0,0,0,0,-1,-1,19.42
2938,clone_vm,25578454692593,18911,0,0,0,0,-1,-1,18.91
2939,clone_vm,25578454712095,22216,0,0,0,0,-1,-1,22.22
2940,clone_vm,25578454735011,18379,0,0,0,0,-1,-1,18.38
2941,clone_vm,25578454753952,18590,0,0,0,0,-1,-1,18.59
2942,clone_vm,25578454773112,22564,0,0,0,0,-1,-1,22.56
2943,clone_vm,25578454796277,18520,0,0,0,0,-1,-1,18.52
2944,clone_vm,25578454815497,18624,0,0,0,0,-1,-1,18.62
2945,clone_vm,25578454834686,22010,0,0,0,0,-1,-1,22.01
2946,clone_vm,25578454857347,18443,0,0,0,0,-1,-1,18.44
2947,clone_vm,25578454876765,19855,0,0,0,0,-1,-1,19.86
2948,clone_vm,25578454897325,23085,0,0,0,0,-1,-1,23.09
2949,clone_vm,25578454921056,18995,0,0,0,0,-1,-1,19.00
2950,clone_vm,25578454940728,18574,0,0,0,0,-1,-1,18.57
2951,clone_vm,25578454959907,22538,0,0,0,0,-1,-1,22.54
2952,clone_vm,25578454983073,24552,0,0,0,0,-1,-1,24.55
2953,clone_vm,25578455008285,20415,0,0,0,0,-1,-1,20.41
2954,clone_vm,25578455029410,23284,0,0,0,0,-1,-1,23.28
2955,clone_vm,25578455053276,18478,0,0,0,0,-1,-1,18.48
2956,clone_vm,25578455072338,18645,0,0,0,0,-1,-1,18.64
2957,clone_vm,25578455091559,22168,0,0,0,0,-1,-1,22.17
2958,clone_vm,25578455114508,18845,0,0,0,0,-1,-1,18.84
2959,clone_vm,25578455134023,18229,0,0,0,0,-1,-1,18.23
2960,clone_vm,25578455152817,22512,0,0,0,0,-1,-1,22.51
2961,clone_vm,25578455176128,18885,0,0,0,0,-1,-1,18.89
2962,clone_vm,25578455195590,18383,0,0,0,0,-1,-1,18.38
2963,clone_vm,25578455214603,23410,0,0,0,0,-1,-1,23.41
2964,clone_vm,25578455238723,18939,0,0,0,0,-1,-1,18.94
2965,clone_vm,25578455258220,19845,0,0,0,0,-1,-1,19.84
2966,clone_vm,25578455278745,22710,0,0,0,0,-1,-1,22.71
2967,clone_vm,25578455302032,18619,0,0,0,0,-1,-1,18.62
2968,clone_vm,25578455321522,19299,0,0,0,0,-1,-1,19.30
2969,clone_vm,25578455341505,21813,0,0,0,0,-1,-1,21.81
2970,clone_vm,25578455363933,18510,0,0,0,0,-1,-1,18.51
2971,clone_vm,25578455383143,19351,0,0,0,0,-1,-1,19.35
2972,clone_vm,25578455411196,26366,0,0,0,0,-1,-1,26.37
2973,clone_vm,25578455438530,21847,0,0,0,0,-1,-1,21.85
2974,clone_vm,25578455461061,19652,0,0,0,0,-1,-1,19.65
2975,clone_vm,25578455481624,23210,0,0,0,0,-1,-1,23.21
2976,clone_vm,25578455505633,19689,0,0,0,0,-1,-1,19.69
2977,clone_vm,25578455525909,20308,0,0,0,0,-1,-1,20.31
2978,clone_vm,25578455546823,23341,0,0,0,0,-1,-1,23.34
2979,clone_vm,25578455570901,21776,0,0,0,0,-1,-1,21.78
2980,clone_vm,25578455593316,19530,0,0,0,0,-1,-1,19.53
2981,clone_vm,25578455613447,22974,0,0,0,0,-1,-1,22.97
2982,clone_vm,25578455637124,18521,0,0,0,0,-1,-1,18.52
2983,clone_vm,25578455656418,18996,0,0,0,0,-1,-1,19.00
2984,clone_vm,25578455676059,23421,0,0,0,0,-1,-1,23.42
2985,clone_vm,25578455700083,18662,0,0,0,0,-1,-1,18.66
2986,clone_vm,25578455719345,19294,0,0,0,0,-1,-1,19.29
2987,clone_vm,25578455739450,23164,0,0,0,0,-1,-1,23.16
2988,clone_vm,25578455763381,19030,0,0,0,0,-1,-1,19.03
2989,clone_vm,25578455783052,19588,0,0,0,0,-1,-1,19.59
2990,clone_vm,25578455803357,24408,0,0,0,0,-1,-1,24.41
2991,clone_vm,25578455828519,19689,0,0,0,0,-1,-1,19.69
2992,clone_vm,25578455848927,18952,0,0,0,0,-1,-1,18.95
2993,clone_vm,25578455868468,23619,0,0,0,0,-1,-1,23.62
2994,clone_vm,25578455892879,19506,0,0,0,0,-1,-1,19.51
2995,clone_vm,25578455913146,18798,0,0,0,0,-1,-1,18.80
2996,clone_vm,25578455932661,23462,0,0,0,0,-1,-1,23.46
2997,clone_vm,25578455957009,21058,0,0,0,0,-1,-1,21.06
2998,clone_vm,25578455978967,19196,0,0,0,0,-1,-1,19.20
2999,clone_vm,25578455998780,32142,0,0,0,0,-1,-1,32.14
3000,posix_spawn,25578456032803,661156,0,0,0,0,-1,-1,661.16
3001,posix_spawn,25578456698140,805382,0,0,0,0,-1,-1,805.38
3002,posix_spawn,25578457506609,548734,0,0,0,0,-1,-1,548.73
3003,posix_spawn,25578458057746,452966,0,0,0,0,-1,-1,452.97
3004,posix_spawn,25578458512759,400914,0,0,0,0,-1,-1,400.91
3005,posix_spawn,25578458916113,1511785,0,0,0,0,-1,-1,1511.79
3006,posix_spawn,25578460433221,585161,0,0,0,0,-1,-1,585.16
3007,posix_spawn,25578461021643,489077,0,0,0,0,-1,-1,489.08
3008,posix_spawn,25578461514181,447919,0,0,0,0,-1,-1,447.92
3009,posix_spawn,25578461964419,399696,0,0,0,0,-1,-1,399.70
3010,posix_spawn,25578462366174,336134,0,0,0,0,-1,-1,336.13
3011,posix_spawn,25578462704512,459543,0,0,0,0,-1,-1,459.54
3012,posix_spawn,25578463165978,373446,0,0,0,0,-1,-1,373.45
3013,posix_spawn,25578463540630,393626,0,0,0,0,-1,-1,393.63
3014,posix_spawn,25578463935372,385322,0,0,0,0,-1,-1,385.32
3015,posix_spawn,25578464321593,360307,0,0,0,0,-1,-1,360.31
3016,posix_spawn,25578464682887,427065,0,0,0,0,-1,-1,427.06
3017,posix_spawn,25578465112597,626645,0,0,0,0,-1,-1,626.64
3018,posix_spawn,25578465741030,351598,0,0,0,0,-1,-1,351.60
3019,posix_spawn,25578466094148,392067,0,0,0,0,-1,-1,392.07
3020,posix_spawn,25578466487595,341334,0,0,0,0,-1,-1,341.33
3021,posix_spawn,25578466830140,379171,0,0,0,0,-1,-1,379.17
3022,posix_spawn,25578467210759,344072,0,0,0,0,-1,-1,344.07
3023,posix_spawn,25578467555981,349823,0,0,0,0,-1,-1,349.82
3024,posix_spawn,25578467907120,354796,0,0,0,0,-1,-1,354.80
3025,posix_spawn,25578468263138,339781,0,0,0,0,-1,-1,339.78
3026,posix_spawn,25578468603905,318174,0,0,0,0,-1,-1,318.17
3027,posix_spawn,25578468923196,306872,0,0,0,0,-1,-1,306.87
3028,posix_spawn,25578469231774,342897,0,0,0,0,-1,-1,342.90
3029,posix_spawn,25578469575765,324364,0,0,0,0,-1,-1,324.36
3030,posix_spawn,25578469901319,307156,0,0,0,0,-1,-1,307.16
3031,posix_spawn,25578470210763,369556,0,0,0,0,-1,-1,369.56
3032,posix_spawn,25578470581772,351545,0,0,0,0,-1,-1,351.55
3033,posix_spawn,25578470934592,359295,0,0,0,0,-1,-1,359.30
3034,posix_spawn,25578471295148,331015,0,0,0,0,-1,-1,331.01
3035,posix_spawn,25578471627407,338727,0,0,0,0,-1,-1,338.73
3036,posix_spawn,25578471967756,333888,0,0,0,0,-1,-1,333.89
3037,posix_spawn,25578472303025,352514,0,0,0,0,-1,-1,352.51
3038,posix_spawn,25578472656660,393582,0,0,0,0,-1,-1,393.58
3039,posix_spawn,25578473051886,346809,0,0,0,0,-1,-1,346.81
3040,posix_spawn,25578473399742,320818,0,0,0,0,-1,-1,320.82
3041,posix_spawn,25578473721622,341140,0,0,0,0,-1,-1,341.14
3042,posix_spawn,25578474064031,354694,0,0,0,0,-1,-1,354.69
3043,posix_spawn,25578474447475,366174,0,0,0,0,-1,-1,366.17
3044,posix_spawn,25578474815410,337266,0,0,0,0,-1,-1,337.27
3045,posix_spawn,25578475153788,333392,0,0,0,0,-1,-1,333.39
3046,posix_spawn,25578475488253,391068,0,0,0,0,-1,-1,391.07
3047,posix_spawn,25578475880255,343479,0,0,0,0,-1,-1,343.48
3048,posix_spawn,25578476224903,333344,0,0,0,0,-1,-1,333.34
3049,posix_spawn,25578476559280,321725,0,0,0,0,-1,-1,321.73
3050,posix_spawn,25578476881844,373203,0,0,0,0,-1,-1,373.20
3051,posix_spawn,25578477256505,351198,0,0,0,0,-1,-1,351.20
3052,posix_spawn,25578477608892,323176,0,0,0,0,-1,-1,323.18
3053,posix_spawn,25578477933270,378908,0,0,0,0,-1,-1,378.91
3054,posix_spawn,25578478313391,335006,0,0,0,0,-1,-1,335.01
3055,posix_spawn,25578478649229,318702,0,0,0,0,-1,-1,318.70
3056,posix_spawn,25578478969411,362409,0,0,0,0,-1,-1,362.41
3057,posix_spawn,25578479333285,338568,0,0,0,0,-1,-1,338.57
3058,posix_spawn,25578479674774,372042,0,0,0,0,-1,-1,372.04
3059,posix_spawn,25578480048345,324928,0,0,0,0,-1,-1,324.93
3060,posix_spawn,25578480374286,357886,0,0,0,0,-1,-1,357.89
3061,posix_spawn,25578480733134,362853,0,0,0,0,-1,-1,362.85
3062,posix_spawn,25578481097775,339110,0,0,0,0,-1,-1,339.11
3063,posix_spawn,25578481438222,340242,0,0,0,0,-1,-1,340.24
3064,posix_spawn,25578481779696,335669,0,0,0,0,-1,-1,335.67
3065,posix_spawn,25578482117039,359646,0,0,0,0,-1,-1,359.65
3066,posix_spawn,25578482477995,332537,0,0,0,0,-1,-1,332.54
3067,posix_spawn,25578482811675,327141,0,0,0,0,-1,-1,327.14
3068,posix_spawn,25578483140226,368277,0,0,0,0,-1,-1,368.28
3069,posix_spawn,25578483509616,334547,0,0,0,0,-1,-1,334.55
3070,posix_spawn,25578483845054,329791,0,0,0,0,-1,-1,329.79
3071,posix_spawn,25578484176060,350689,0,0,0,0,-1,-1,350.69
3072,posix_spawn,25578484528014,312978,0,0,0,0,-1,-1,312.98
3073,posix_spawn,25578484841985,337920,0,0,0,0,-1,-1,337.92
3074,posix_spawn,25578485180738,299361,0,0,0,0,-1,-1,299.36
3075,posix_spawn,25578485480856,300985,0,0,0,0,-1,-1,300.99
3076,posix_spawn,25578485782772,356378,0,0,0,0,-1,-1,356.38
3077,posix_spawn,25578486140961,332468,0,0,0,0,-1,-1,332.47
3078,posix_spawn,25578486474752,328989,0,0,0,0,-1,-1,328.99
3079,posix_spawn,25578486805232,345973,0,0,0,0,-1,-1,345.97
3080,posix_spawn,25578487153202,373740,0,0,0,0,-1,-1,373.74
3081,posix_spawn,25578487528228,355018,0,0,0,0,-1,-1,355.02
3082,posix_spawn,25578487884998,347112,0,0,0,0,-1,-1,347.11
3083,posix_spawn,25578488233361,346215,0,0,0,0,-1,-1,346.21
3084,posix_spawn,25578488581597,468071,0,0,0,0,-1,-1,468.07
3085,posix_spawn,25578489050999,396355,0,0,0,0,-1,-1,396.36
3086,posix_spawn,25578489448618,355995,0,0,0,0,-1,-1,356.00
3087,posix_spawn,25578489805613,322224,0,0,0,0,-1,-1,322.22
3088,posix_spawn,25578490128955,309934,0,0,0,0,-1,-1,309.93
3089,posix_spawn,25578490440011,329928,0,0,0,0,-1,-1,329.93
3090,posix_spawn,25578490771552,422829,0,0,0,0,-1,-1,422.83
3091,posix_spawn,25578491196400,364065,0,0,0,0,-1,-1,364.06
3092,posix_spawn,25578491562174,298663,0,0,0,0,-1,-1,298.66
3093,posix_spawn,25578491861644,302933,0,0,0,0,-1,-1,302.93
3094,posix_spawn,25578492165887,292571,0,0,0,0,-1,-1,292.57
3095,posix_spawn,25578492459217,278748,0,0,0,0,-1,-1,278.75
3096,posix_spawn,25578492738649,302474,0,0,0,0,-1,-1,302.47
3097,posix_spawn,25578493041854,301946,0,0,0,0,-1,-1,301.95
3098,posix_spawn,25578493344549,284681,0,0,0,0,-1,-1,284.68
3099,posix_spawn,25578493629953,285827,0,0,0,0,-1,-1,285.83
